CPU:[20.0, 27.3, 30.0, 33.3, 33.3, 28.6, 16.7, 37.5, 33.3, 42.9, 25.0, 28.6, 37.5, 28.6, 33.3, 33.3, 28.6, 30.0, 28.6, 28.6, 54.5, 60.0, 44.4, 54.5, 60.0, 60.0, 55.6, 60.0, 44.4, 50.0]
CPU_USER:[1.0, 1.0, 1.0, 2.0, 1.0, 1.0, 2.0, 2.0, 2.0, 3.0, 2.0, 2.0, 3.0, 1.0, 2.0, 2.0, 2.0, 3.0, 2.0, 3.0, 4.0, 6.0, 5.0, 6.0, 6.0, 5.0, 4.0, 6.0, 4.0, 4.0]
CPU_SYSTEM:[0.0, 0.0, 0.0, 0.0, 0.0, 0.0, 0.0, 0.0, 0.0, 0.0, 0.0, 0.0, 0.0, 0.0, 0.0, 0.0, 0.0, 0.0, 0.0, 0.0, 0.0, 0.0, 0.0, 0.0, 0.0, 0.0, 0.0, 0.0, 0.0, 0.0]
CPU_IDLE:[0.0, 0.0, 0.0, 1.0, 0.0, 0.0, 0.0, 0.0, 0.0, 0.0, 0.0, 0.0, 0.0, 0.0, 0.0, 0.0, 0.0, 0.0, 0.0, 0.0, 0.0, 0.0, 0.0, 0.0, 0.0, 0.0, 0.0, 1.0, 0.0, 0.0]
MEMORY:[24.1, 24.1, 24.1, 24.1, 24.1, 24.1, 24.1, 24.1, 24.1, 24.1, 24.1, 24.1, 24.1, 24.1, 24.1, 24.1, 24.1, 24.1, 24.1, 24.1, 24.1, 24.1, 24.1, 24.1, 24.1, 24.1, 24.1, 24.1, 24.1, 24.1]
TIME:[0.026809224000317045, 0.02692667199880816, 0.023990654008230194, 0.015674790993216448, 0.015879689002758823, 0.01591390700195916, 0.015778490007505752, 0.015897292003501207, 0.015859114995691925, 0.016032240993808955, 0.019199721005861647, 0.018931227998109534, 0.019225137002649717, 0.018696173996431753, 0.019301075997645967, 0.019187065001460724, 0.019187949990737252, 0.023212364001665264, 0.019324566004797816, 0.018870029001845978, 0.025677962010377087, 0.023390439004288055, 0.02353314899664838, 0.02377455799432937, 0.023519085996667854, 0.023629035000340082, 0.023284292008611374, 0.023081373001332395, 0.02346918999683112, 0.02334382399567403]
bytes_sent:[196522043, 196533053, 196542665, 196547723, 196553525, 196559693, 196565287, 196570913, 196576877, 196582167, 196588897, 196595393, 196602453, 196608373, 196615063, 196621625, 196628787, 196635213, 196642099, 196648657, 196655790, 196663535, 196670887, 196678341, 196684964, 196692320, 196699342, 196706532, 196712793, 196720246]
start_value_bytes_sent:196511297
