CPU:[31.3, 0.0, 0.0, 0.0, 100.0, 0.0, 0.0, 0.0, 100.0, 0.0]
CPU_USER:[4.0, 0.0, 0.0, 0.0, 1.0, 0.0, 0.0, 0.0, 1.0, 0.0]
CPU_SYSTEM:[0.0, 0.0, 0.0, 0.0, 0.0, 1.0, 0.0, 0.0, 0.0, 0.0]
CPU_IDLE:[0.0, 0.0, 0.0, 0.0, 0.0, 0.0, 0.0, 0.0, 0.0, 0.0]
MEMORY:[24.3, 24.3, 24.3, 24.3, 24.3, 24.3, 24.3, 24.3, 24.3, 24.3]
TIME:[0.036394084003404714, 0.0015046039916342124, 0.0016056989989010617, 0.0016153860051417723, 0.0015138750022742897, 0.0015693960012868047, 0.0016527309926459566, 0.0014924160059308633, 0.0014999679988250136, 0.0014921550027793273]
bytes_sent:[185756420, 185759364, 185761782, 185764632, 185766940, 185769652, 185772646, 185775822, 185778860, 185781176]
start_value_bytes_sent:185753990
