CPU:[0.0, 0.0, 0.0]
CPU_USER:[0.0, 0.0, 0.0]
CPU_SYSTEM:[0.0, 0.0, 0.0]
CPU_IDLE:[0.0, 0.0, 0.0]
MEMORY:[75.0, 75.0, 75.0]
TIME:[0.00010237199967377819, 9.40610007091891e-05, 9.20530001167208e-05]
message_length:[57, 114, 171]
bytes_sent:[545391977, 545393248, 545394577]
start_value_bytes_sent:545391081
