TIME:[0.29647560400007933, 0.29587972499939497, 0.33445363500050007, 0.29723799400017015, 0.29581436299940833, 0.29670367800008535, 0.5951274449998891, 0.5781184399993435, 0.5126379609992, 0.30696525199982716, 0.34371782499965775, 0.5767592399997739, 0.5765454940001291, 0.5757874299997638, 0.3939985050001269, 0.5768763290006973, 0.6044489369996882, 0.5985476920004658, 0.2957563019999725, 0.5998261210006604, 0.598870194000483, 0.5790792340003463, 0.28053535299932264, 0.5906242339997334, 0.6031067759995494, 0.5986872869998479, 0.3147146729997985, 0.37070300599953043, 0.6001398299995344, 0.5991709339996305, 0.596534397999676, 0.3402634499998385, 0.2957796969994888, 0.34112594300040655, 0.6016051380001954, 0.5985715740007436, 0.5988628740005879, 0.4512987770003747, 0.5987238159996195, 0.5990099089995056, 0.6051684479998585, 0.3706594790000963, 0.3227215399992929, 0.5874942430000374, 0.5997525689999748, 0.5996049159994072, 0.3973009049996108, 0.5995845019997432, 0.5988687290000598, 0.5993547159996524, 0.3497573900003772, 0.5963134450003054, 0.5973586449999857, 0.597840516999895, 0.4035168979999071, 0.5979829150001024, 0.5978007300000172, 0.597160217000237, 0.35299950300031924, 0.2952012340001602, 0.5969347549998929, 0.5974353770006928, 0.5977509479998844, 0.2959069079997789, 0.29599487700033933, 0.5986552670001402, 0.5992076590000579, 0.598257096999987, 0.37028607100000954, 0.29596404699987033, 0.36192250400017656, 0.2957485289998658, 0.5985027770002489, 0.5853364409995265, 0.5763288170001033, 0.40844343499975366, 0.575644244000614, 0.5758788260000074, 0.5824287150007876, 0.400971892000598, 0.29136841999934404, 0.37040498700025637, 0.29191346800053, 0.2942442289995597, 0.297220295000443, 0.5867454540002655, 0.5898707919996014, 0.5851182329997755, 0.2921500839993314, 0.5881374780001352, 0.5839255910004795, 0.5842444969994176, 0.3918088099999295, 0.5849467839998397, 0.5842224170000918, 0.5850769939997917, 0.3819382800002131, 0.29201274900060525, 0.3409100090002539, 0.29176436599937006]
message_length:[865802, 865802, 865802, 865802, 865802, 865802, 865802, 865802, 865802, 865802, 865802, 865802, 865802, 865802, 865802, 865802, 865802, 865802, 865802, 865802, 865802, 865802, 865802, 865802, 865802, 865802, 865802, 865802, 865802, 865802, 865802, 865802, 865802, 865802, 865802, 865802, 865802, 865802, 865802, 865802, 865802, 865802, 865802, 865802, 865802, 865802, 865802, 865802, 865802, 865802, 865802, 865802, 865802, 865802, 865802, 865802, 865802, 865802, 865802, 865802, 865802, 865802, 865802, 865802, 865802, 865802, 865802, 865802, 865802, 865802, 865802, 865802, 865802, 865802, 865802, 865802, 865802, 865802, 865802, 865802, 865802, 865802, 865802, 865802, 865802, 865802, 865802, 865802, 865802, 865802, 865802, 865802, 865802, 865802, 865802, 865802, 865802, 865802, 865802, 865802]
bytes_sent:[783031317, 783944434, 784867819, 785783970, 786703783, 787623596, 788565437, 789472360, 790392173, 791311986, 792231799, 793160840, 794071425, 794991238, 795906437, 796830864, 797759905, 798677138, 799596861, 800519164, 801436397, 802349472, 803269781, 804195656, 805108731, 806022888, 806942611, 807877218, 808806259, 809707616, 810621773, 811553800, 812488407, 813399488, 814303831, 815223554, 816140201, 817065580, 817985393, 818908282, 819845509, 820739086, 821658809, 822604678, 823518249, 824436434, 825350005, 826275880, 827192031, 828125686, 829040885, 829955042, 830880421, 831809462, 832713895, 833622942, 834541217, 835461030, 836378263, 837300566, 838214723, 839140102, 840059915, 840977202, 841911809, 842834698, 843757587, 844660482, 845581833, 846507798, 847421459, 848341272, 849281079, 850205506, 851119167, 852020524, 852952641, 853860150, 854781501, 855721308, 856625741, 857539402, 858453559, 859373282, 860300199, 861212818, 862150501, 863052354, 863980809, 864896008, 865818897, 866743324, 867666213, 868582950, 869502763, 870425652, 871345465, 872253470, 873172697, 874092510]
start_value_bytes_sent:783015105
