CPU:[25.0, 33.3, 33.3, 40.0, 33.3, 25.0, 33.3, 33.3, 33.3, 28.6, 33.3, 33.3, 33.3, 22.2, 25.0, 40.0, 33.3, 27.3, 25.0, 30.0, 30.0, 30.0, 27.3, 30.0, 30.0, 30.0, 30.0, 27.3, 27.3, 27.3, 27.3, 33.3, 25.0, 27.3, 33.3, 33.3, 20.0, 27.3, 27.3, 20.0, 27.3, 25.0, 25.0, 23.1, 27.3, 25.0, 30.8, 33.3, 33.3, 25.0]
CPU_USER:[2.0, 2.0, 2.0, 3.0, 2.0, 2.0, 2.0, 3.0, 1.0, 2.0, 2.0, 3.0, 1.0, 2.0, 2.0, 3.0, 2.0, 2.0, 2.0, 1.0, 3.0, 2.0, 2.0, 2.0, 3.0, 3.0, 3.0, 3.0, 3.0, 3.0, 3.0, 3.0, 3.0, 3.0, 4.0, 3.0, 2.0, 3.0, 3.0, 2.0, 3.0, 2.0, 2.0, 3.0, 3.0, 3.0, 3.0, 2.0, 3.0, 2.0]
CPU_SYSTEM:[0.0, 0.0, 0.0, 0.0, 0.0, 0.0, 0.0, 0.0, 0.0, 0.0, 0.0, 0.0, 0.0, 0.0, 0.0, 0.0, 0.0, 0.0, 0.0, 0.0, 0.0, 0.0, 0.0, 0.0, 0.0, 0.0, 0.0, 0.0, 0.0, 0.0, 0.0, 0.0, 0.0, 0.0, 0.0, 0.0, 0.0, 0.0, 0.0, 0.0, 0.0, 0.0, 0.0, 0.0, 0.0, 0.0, 0.0, 1.0, 0.0, 0.0]
CPU_IDLE:[0.0, 0.0, 0.0, 0.0, 0.0, 0.0, 0.0, 0.0, 0.0, 1.0, 0.0, 0.0, 0.0, 0.0, 0.0, 0.0, 0.0, 1.0, 0.0, 0.0, 0.0, 0.0, 0.0, 0.0, 0.0, 0.0, 0.0, 0.0, 0.0, 0.0, 0.0, 0.0, 0.0, 1.0, 0.0, 1.0, 0.0, 0.0, 0.0, 1.0, 0.0, 0.0, 0.0, 0.0, 1.0, 0.0, 0.0, 1.0, 0.0, 0.0]
MEMORY:[24.3, 24.3, 24.3, 24.3, 24.3, 24.3, 24.3, 24.3, 24.3, 24.3, 24.3, 24.3, 24.3, 24.3, 24.3, 24.3, 24.3, 24.3, 24.3, 24.3, 24.3, 24.3, 24.3, 24.3, 24.3, 24.3, 24.3, 24.3, 24.3, 24.3, 24.3, 24.3, 24.3, 24.3, 24.3, 24.3, 24.3, 24.3, 24.3, 24.3, 24.4, 24.4, 24.4, 24.4, 24.4, 24.4, 24.4, 24.4, 24.4, 24.4]
TIME:[0.020637403998989612, 0.020114129001740366, 0.020460739004192874, 0.020161733002169058, 0.021069949987577274, 0.020153660007053986, 0.02075807900109794, 0.020278292999137193, 0.01961887499783188, 0.01843540000845678, 0.021648848996846937, 0.02196280400676187, 0.021690776004106738, 0.021760514995548874, 0.0220675430027768, 0.02190395000798162, 0.02143926901044324, 0.026722121008788235, 0.021619006991386414, 0.02240925699879881, 0.024685010008397512, 0.025079172002733685, 0.025269274003221653, 0.023726897008600645, 0.025008183001773432, 0.024437305008177646, 0.024450846001855098, 0.02431584800069686, 0.02477407199330628, 0.024873913993360475, 0.027998981007840484, 0.027062690001912415, 0.029707969995797612, 0.027265500000794418, 0.025791977008339018, 0.026690297992900014, 0.026695350999943912, 0.025477761009824462, 0.02659873700758908, 0.025988067005528137, 0.028486421986599453, 0.02838126799906604, 0.03089493500010576, 0.031147379006142728, 0.028243039996596053, 0.028562097999383695, 0.030416295005124994, 0.028472516991314478, 0.027681485007633455, 0.028657410002779216]
message_length:[4, 4, 4, 4, 4, 4, 4, 4, 4, 4, 4, 4, 4, 4, 4, 4, 4, 4, 4, 4, 4, 4, 4, 4, 4, 4, 4, 4, 4, 4, 4, 4, 4, 4, 4, 4, 4, 4, 4, 4, 4, 4, 4, 4, 4, 4, 4, 4, 4, 4]
bytes_sent:[233622706, 233630538, 233638582, 233646146, 233654166, 233662524, 233670714, 233678474, 233685286, 233691644, 233698096, 233705634, 233712628, 233719680, 233726836, 233734056, 233740912, 233748076, 233754932, 233762424, 233770286, 233777877, 233786298, 233793720, 233801632, 233809288, 233816349, 233823903, 233832316, 233840024, 233848544, 233856318, 233864830, 233872259, 233880243, 233889179, 233897047, 233904623, 233912913, 233920104, 233927758, 233936844, 233945195, 233954160, 233962394, 233969479, 233978996, 233987412, 233995057, 234004091]
start_value_bytes_sent:233615078
