CPU:[0.0, 0.0, 0.0, 66.7, 0.0, 0.0, 0.0, 50.0, 0.0, 0.0, 75.0, 66.7, 0.0, 0.0, 0.0, 0.0, 75.0, 0.0, 0.0, 0.0]
CPU_USER:[0.0, 0.0, 0.0, 1.0, 0.0, 0.0, 1.0, 1.0, 2.0, 0.0, 1.0, 1.0, 0.0, 0.0, 0.0, 1.0, 1.0, 0.0, 0.0, 2.0]
CPU_SYSTEM:[0.0, 0.0, 0.0, 0.0, 0.0, 0.0, 0.0, 0.0, 0.0, 0.0, 0.0, 0.0, 0.0, 0.0, 0.0, 0.0, 0.0, 0.0, 0.0, 0.0]
CPU_IDLE:[0.0, 0.0, 1.0, 0.0, 0.0, 0.0, 0.0, 1.0, 0.0, 0.0, 0.0, 0.0, 0.0, 1.0, 0.0, 0.0, 0.0, 0.0, 0.0, 0.0]
MEMORY:[24.2, 24.2, 24.2, 24.2, 24.2, 24.2, 24.2, 24.2, 24.2, 24.2, 24.2, 24.2, 24.2, 24.2, 24.2, 24.2, 24.2, 24.2, 24.2, 24.2]
TIME:[0.0013904399966122583, 0.0013316360127646476, 0.0013246570015326142, 0.001324604992987588, 0.0013391889951890334, 0.001320126000791788, 0.0013139280054019764, 0.0012979380117030814, 0.0015452340012416244, 0.0027486909966683015, 0.004371582006569952, 0.004412050999235362, 0.003910272003849968, 0.0041305880004074425, 0.004113244998734444, 0.004188453996903263, 0.00476585999422241, 0.003631257000961341, 0.002904319000663236, 0.003894177993061021]
bytes_sent:[178740973, 178743655, 178746071, 178748503, 178750717, 178753429, 178755853, 178757861, 178758405, 178762711, 178768267, 178773556, 178779241, 178784267, 178789619, 178794282, 178800157, 178804362, 178808565, 178813319]
start_value_bytes_sent:178738853
