TIME:[0.0007699430007050978, 0.0007049420000839746, 0.0006919749994267477, 0.0007041609997031628, 0.0006751520004399936, 0.0009208270003000507, 0.0009425969992662431, 0.0006916619995536166, 0.0008444210006928188, 0.0007048380002743215, 0.0006478599998445134, 0.0009678050000729854, 0.0006650470004387898, 0.0006544740008394001, 0.0008127020000756602, 0.0006361939995258581, 0.0007691620003242861, 0.0007047339995551738, 0.000680359999932989, 0.0007650990000911406, 0.0007229109996842453, 0.0012499909998950898, 0.0007555670008514426, 0.0006581720008398406, 0.0010038989994427538, 0.0007125470001483336, 0.0007345250005528214, 0.0007121820008251234, 0.0006759850002708845, 0.00091900400002487, 0.0006569739998667501, 0.0007602550003866781, 0.0007951500001581735, 0.0006935880001037731, 0.0006984849997024867, 0.0008249420006904984, 0.0007452030004060362, 0.0006556200005434221, 0.0010335340002711746, 0.0007535360000474611, 0.0006082769996282877, 0.001001243000246177, 0.0006854639996163314, 0.0007654639994143508, 0.0007887440006015822, 0.0006603599995287368, 0.0011209819995201542, 0.0007285370002136915, 0.0006466100003308384, 0.0007282240003405605, 0.0006447870000556577, 0.0019008710005437024, 0.0006738490001225728, 0.0007498899994970998, 0.0007733279999229126, 0.0006687450004392304, 0.0007709320007052156, 0.0007188489998952718, 0.0007612970002810471, 0.001127544000155467, 0.0006312460000117426, 0.00177170599999954, 0.001308844999584835, 0.0012690009998550522, 0.0013532199991459493, 0.0019912349998776335, 0.001359470000352303, 0.0016407690000050934, 0.0012220219996379456, 0.0018052989998977864, 0.0011684810006045154, 0.0013491569998222985, 0.0012357209998299368, 0.00117967900041549, 0.0019032669997613993, 0.0013031150001552305, 0.0013036880000072415, 0.001376812999296817, 0.00141962500038062, 0.0016268629997284734, 0.0011871269998664502, 0.002219254999545228, 0.0012463450002542231, 0.0014158229996610316, 0.0014757190001546405, 0.0014679579999210546, 0.0017899350004881853, 0.0015878009999141796, 0.0013113969998812536, 0.0013699380006073625, 0.001932798000780167, 0.0012268660002519027, 0.0014554580002368311, 0.001381865000439575, 0.0018025389999820618, 0.001212855999256135, 0.0015571240001008846, 0.0012396789998092572, 0.0014317080003820593, 0.0016242069996224018]
message_length:[748, 748, 748, 748, 748, 748, 748, 748, 748, 748, 748, 748, 748, 748, 748, 748, 748, 748, 748, 748, 748, 748, 748, 748, 748, 748, 748, 748, 748, 748, 748, 748, 748, 748, 748, 748, 748, 748, 748, 748, 748, 748, 748, 748, 748, 748, 748, 748, 748, 748, 748, 748, 748, 748, 748, 748, 748, 748, 748, 748, 748, 748, 748, 748, 748, 748, 748, 748, 748, 748, 748, 748, 748, 748, 748, 748, 748, 748, 748, 748, 748, 748, 748, 748, 748, 748, 748, 748, 748, 748, 748, 748, 748, 748, 748, 748, 748, 748, 748, 748]
bytes_sent:[690949265, 690951607, 690952456, 690953305, 690954154, 690955003, 690955852, 690956701, 690957550, 690958399, 690959248, 690960097, 690960946, 690961795, 690962644, 690963493, 690964342, 690965191, 690966040, 690966889, 690967738, 690968587, 690969436, 690970285, 690971134, 690971983, 690972832, 690973681, 690974530, 690975379, 690976228, 690977077, 690977926, 690978775, 690979624, 690980473, 690981322, 690982171, 690983020, 690983869, 690984718, 690985567, 690986416, 690987265, 690988114, 690988963, 690989812, 690990661, 690991510, 690992359, 690993208, 690994057, 690994906, 690995755, 690996604, 690997453, 690998302, 690999151, 691000000, 691000849, 691001698, 691002547, 691003396, 691004245, 691005094, 691005943, 691006792, 691007641, 691008490, 691009339, 691010188, 691011037, 691011886, 691012735, 691013584, 691014433, 691015282, 691016131, 691016980, 691017829, 691018678, 691019527, 691020376, 691021225, 691022074, 691022923, 691023772, 691024621, 691025470, 691026319, 691027168, 691028017, 691028866, 691029715, 691030564, 691031413, 691032262, 691033111, 691033960, 691034809]
start_value_bytes_sent:690949167
