CPU:[26.7, 100.0, 0.0, 0.0, 100.0, 0.0, 0.0, 0.0, 66.7, 0.0, 50.0, 33.3, 0.0, 0.0, 33.3, 33.3, 50.0, 50.0, 33.3, 33.3]
CPU_USER:[3.0, 1.0, 0.0, 0.0, 0.0, 0.0, 0.0, 0.0, 1.0, 0.0, 0.0, 1.0, 0.0, 1.0, 1.0, 1.0, 0.0, 1.0, 1.0, 1.0]
CPU_SYSTEM:[0.0, 0.0, 0.0, 0.0, 0.0, 0.0, 0.0, 0.0, 0.0, 0.0, 0.0, 0.0, 0.0, 0.0, 0.0, 0.0, 0.0, 0.0, 0.0, 0.0]
CPU_IDLE:[0.0, 0.0, 0.0, 0.0, 1.0, 0.0, 0.0, 0.0, 0.0, 0.0, 0.0, 0.0, 0.0, 1.0, 1.0, 0.0, 0.0, 0.0, 0.0, 0.0]
MEMORY:[24.4, 24.4, 24.4, 24.4, 24.4, 24.4, 24.4, 24.4, 24.4, 24.4, 24.4, 24.4, 24.4, 24.4, 24.4, 24.4, 24.4, 24.5, 24.5, 24.5]
TIME:[0.03683881199685857, 0.0016922819922911003, 0.0015141069889068604, 0.0015085850027389824, 0.001621449991944246, 0.0015668669948354363, 0.001499680001870729, 0.0015156169974943623, 0.0016363460017601028, 0.001561658995342441, 0.006065697001758963, 0.006060851999791339, 0.006001999005093239, 0.005971790000330657, 0.005961375005426817, 0.006169706000946462, 0.006081893996451981, 0.006185644000652246, 0.00604038500750903, 0.006064237997634336]
message_length:[0, 0, 0, 0, 0, 0, 0, 0, 0, 0, 57, 57, 57, 57, 57, 57, 57, 57, 57, 57]
bytes_sent:[223899877, 223902185, 223904909, 223907429, 223910145, 223912759, 223915133, 223917445, 223919651, 223922025, 223925585, 223928333, 223931335, 223934638, 223937599, 223940846, 223943873, 223946916, 223950387, 223953287]
start_value_bytes_sent:223897503
