CPU:[33.3, 33.3, 20.0, 16.7, 16.7, 28.6, 37.5, 28.6, 33.3, 42.9, 28.6, 37.5, 25.0, 25.0, 25.0, 25.0, 33.3, 25.0, 28.6, 25.0]
CPU_USER:[2.0, 3.0, 1.0, 1.0, 1.0, 2.0, 3.0, 2.0, 2.0, 2.0, 2.0, 2.0, 2.0, 0.0, 3.0, 2.0, 2.0, 2.0, 2.0, 2.0]
CPU_SYSTEM:[0.0, 0.0, 0.0, 0.0, 0.0, 0.0, 0.0, 0.0, 0.0, 0.0, 0.0, 0.0, 0.0, 0.0, 0.0, 0.0, 0.0, 0.0, 0.0, 0.0]
CPU_IDLE:[0.0, 0.0, 0.0, 0.0, 0.0, 0.0, 0.0, 0.0, 0.0, 0.0, 0.0, 1.0, 0.0, 0.0, 0.0, 0.0, 0.0, 0.0, 1.0, 0.0]
MEMORY:[24.3, 24.3, 24.3, 24.3, 24.3, 24.3, 24.3, 24.3, 24.3, 24.3, 24.3, 24.3, 24.3, 24.3, 24.3, 24.3, 24.3, 24.3, 24.3, 24.3]
TIME:[0.016827967003337108, 0.015867615002207458, 0.01579131299513392, 0.015803344009327702, 0.016360003995941952, 0.016172454998013563, 0.016082404006738216, 0.01623422400734853, 0.015555170000880025, 0.0159631340065971, 0.01930751900363248, 0.01906944898655638, 0.018951481994008645, 0.019738606992177665, 0.01946314299129881, 0.019045491004362702, 0.01928147800208535, 0.023786525998730212, 0.019429185005719773, 0.019276843013358302]
message_length:[4, 4, 4, 4, 4, 4, 4, 4, 4, 4, 4, 4, 4, 4, 4, 4, 4, 4, 4, 4]
bytes_sent:[230961372, 230967032, 230972560, 230978220, 230984142, 230989728, 230996120, 231001738, 231006084, 231012922, 231019756, 231025938, 231032298, 231039792, 231046242, 231052630, 231059118, 231066248, 231073162, 231079814]
start_value_bytes_sent:230955112
