CPU:[0.0, 0.0, 0.0, 0.0, 0.0, 0.0]
CPU_USER:[0.0, 0.0, 0.0, 0.0, 0.0, 0.0]
CPU_SYSTEM:[0.0, 0.0, 0.0, 0.0, 0.0, 0.0]
CPU_IDLE:[0.0, 0.0, 0.0, 0.0, 0.0, 0.0]
MEMORY:[75.0, 75.0, 75.0, 75.0, 75.0, 75.0]
TIME:[0.00010237199967377819, 9.40610007091891e-05, 9.20530001167208e-05, 9.800000043469481e-05, 8.623699977761135e-05, 9.836599929258227e-05]
message_length:[57, 114, 171, 228, 285, 342]
bytes_sent:[545391977, 545393248, 545394577, 545395911, 545397361, 545398764]
start_value_bytes_sent:545391081
