CPU:[26.7, 0.0, 0.0, 0.0, 0.0, 100.0, 0.0, 0.0, 66.7, 0.0, 50.0, 33.3, 0.0, 0.0, 33.3, 50.0, 33.3, 50.0, 0.0, 0.0]
CPU_USER:[4.0, 0.0, 0.0, 0.0, 0.0, 0.0, 0.0, 0.0, 1.0, 1.0, 1.0, 1.0, 0.0, 0.0, 1.0, 1.0, 1.0, 0.0, 0.0, 0.0]
CPU_SYSTEM:[0.0, 0.0, 0.0, 0.0, 0.0, 0.0, 0.0, 0.0, 0.0, 0.0, 0.0, 0.0, 0.0, 0.0, 0.0, 0.0, 0.0, 0.0, 0.0, 0.0]
CPU_IDLE:[0.0, 0.0, 0.0, 0.0, 0.0, 0.0, 0.0, 0.0, 0.0, 0.0, 1.0, 0.0, 0.0, 0.0, 0.0, 0.0, 1.0, 0.0, 0.0, 0.0]
MEMORY:[24.4, 24.4, 24.4, 24.4, 24.4, 24.4, 24.4, 24.4, 24.4, 24.4, 24.4, 24.4, 24.4, 24.4, 24.4, 24.4, 24.4, 24.4, 24.4, 24.4]
TIME:[0.03645496100944001, 0.0015286900015780702, 0.0014704089990118518, 0.0014777000033063814, 0.0015189510013442487, 0.0014937939995434135, 0.0014582220028387383, 0.0014934299979358912, 0.0014409299910767004, 0.0014981700078351423, 0.006169654006953351, 0.005923978998907842, 0.005627573991660029, 0.005761167005402967, 0.005733459009206854, 0.005923302000155672, 0.0059060099883936346, 0.005942677002167329, 0.00587871800235007, 0.005749032003222965]
message_length:[0, 0, 0, 0, 0, 0, 0, 0, 0, 0, 57, 57, 57, 57, 57, 57, 57, 57, 57, 57]
bytes_sent:[221256586, 221259760, 221262170, 221264478, 221266990, 221269416, 221271658, 221274272, 221276894, 221279194, 221282908, 221286337, 221290040, 221292981, 221296501, 221299112, 221302643, 221305736, 221308489, 221311728]
start_value_bytes_sent:221254796
