CPU:[66.7, 66.7, 0.0, 0.0, 0.0, 50.0, 66.7, 0.0, 0.0, 0.0]
CPU_USER:[1.0, 1.0, 0.0, 0.0, 0.0, 0.0, 1.0, 0.0, 0.0, 0.0]
CPU_SYSTEM:[0.0, 0.0, 0.0, 0.0, 0.0, 0.0, 0.0, 0.0, 0.0, 0.0]
CPU_IDLE:[0.0, 0.0, 1.0, 0.0, 0.0, 0.0, 0.0, 0.0, 0.0, 0.0]
MEMORY:[24.2, 24.2, 24.2, 24.2, 24.2, 24.2, 24.2, 24.2, 24.2, 24.2]
TIME:[0.0028545759996632114, 0.002032896998571232, 0.0019303430017316714, 0.002175397996325046, 0.0030595280113629997, 0.0028702020063064992, 0.0022568069980479777, 0.0021148770028958097, 0.0021206579986028373, 0.0020231569942552596]
bytes_sent:[180848531, 180852399, 180856361, 180860295, 180865069, 180869665, 180873629, 180877507, 180881645, 180885811]
start_value_bytes_sent:180845139
