CPU:[26.7, 100.0, 0.0, 0.0, 100.0, 0.0, 0.0, 0.0, 66.7, 0.0, 50.0, 33.3, 0.0, 0.0, 33.3, 33.3, 50.0, 50.0, 33.3, 33.3, 33.3, 33.3, 33.3, 33.3, 40.0, 33.3, 33.3, 33.3, 33.3, 50.0, 40.0, 25.0, 20.0, 20.0, 25.0, 20.0, 25.0, 33.3, 25.0, 25.0, 20.0, 33.3, 16.7, 20.0, 20.0, 20.0, 33.3, 20.0, 33.3, 20.0]
CPU_USER:[3.0, 1.0, 0.0, 0.0, 0.0, 0.0, 0.0, 0.0, 1.0, 0.0, 0.0, 1.0, 0.0, 1.0, 1.0, 1.0, 0.0, 1.0, 1.0, 1.0, 1.0, 1.0, 1.0, 1.0, 2.0, 1.0, 1.0, 1.0, 1.0, 1.0, 2.0, 2.0, 2.0, 1.0, 1.0, 1.0, 1.0, 2.0, 1.0, 1.0, 1.0, 1.0, 1.0, 1.0, 1.0, 1.0, 2.0, 1.0, 2.0, 2.0]
CPU_SYSTEM:[0.0, 0.0, 0.0, 0.0, 0.0, 0.0, 0.0, 0.0, 0.0, 0.0, 0.0, 0.0, 0.0, 0.0, 0.0, 0.0, 0.0, 0.0, 0.0, 0.0, 0.0, 0.0, 0.0, 0.0, 0.0, 0.0, 0.0, 0.0, 0.0, 0.0, 0.0, 0.0, 0.0, 0.0, 0.0, 0.0, 0.0, 0.0, 0.0, 0.0, 0.0, 0.0, 0.0, 0.0, 0.0, 0.0, 0.0, 0.0, 0.0, 0.0]
CPU_IDLE:[0.0, 0.0, 0.0, 0.0, 1.0, 0.0, 0.0, 0.0, 0.0, 0.0, 0.0, 0.0, 0.0, 1.0, 1.0, 0.0, 0.0, 0.0, 0.0, 0.0, 0.0, 0.0, 1.0, 1.0, 1.0, 0.0, 0.0, 0.0, 0.0, 0.0, 0.0, 0.0, 0.0, 0.0, 0.0, 0.0, 0.0, 0.0, 0.0, 0.0, 0.0, 0.0, 0.0, 0.0, 0.0, 0.0, 1.0, 0.0, 0.0, 0.0]
MEMORY:[24.4, 24.4, 24.4, 24.4, 24.4, 24.4, 24.4, 24.4, 24.4, 24.4, 24.4, 24.4, 24.4, 24.4, 24.4, 24.4, 24.4, 24.5, 24.5, 24.5, 24.5, 24.5, 24.5, 24.5, 24.5, 24.5, 24.5, 24.5, 24.5, 24.5, 24.5, 24.5, 24.5, 24.5, 24.5, 24.5, 24.5, 24.5, 24.5, 24.5, 24.5, 24.5, 24.5, 24.5, 24.5, 24.5, 24.5, 24.5, 24.5, 24.5]
TIME:[0.03683881199685857, 0.0016922819922911003, 0.0015141069889068604, 0.0015085850027389824, 0.001621449991944246, 0.0015668669948354363, 0.001499680001870729, 0.0015156169974943623, 0.0016363460017601028, 0.001561658995342441, 0.006065697001758963, 0.006060851999791339, 0.006001999005093239, 0.005971790000330657, 0.005961375005426817, 0.006169706000946462, 0.006081893996451981, 0.006185644000652246, 0.00604038500750903, 0.006064237997634336, 0.009054534006281756, 0.009068491999641992, 0.008768339001107961, 0.009086253005079925, 0.008937086997320876, 0.008934274999774061, 0.00974187500833068, 0.009005941014038399, 0.009452500991756096, 0.008969222995801829, 0.011687852995237336, 0.011758218010072596, 0.011826706991996616, 0.01186733199574519, 0.011846811001305468, 0.011839676008094102, 0.011835352997877635, 0.012087955998140387, 0.011955508001847193, 0.011805093003204092, 0.014829816005658358, 0.014694659999804571, 0.014773878996493295, 0.014812784997047856, 0.014775545001612045, 0.014479505000053905, 0.014878774003591388, 0.014768305991310626, 0.014847002996248193, 0.014835909998510033]
message_length:[0, 0, 0, 0, 0, 0, 0, 0, 0, 0, 57, 57, 57, 57, 57, 57, 57, 57, 57, 57, 114, 114, 114, 114, 114, 114, 114, 114, 114, 114, 171, 171, 171, 171, 171, 171, 171, 171, 171, 171, 228, 228, 228, 228, 228, 228, 228, 228, 228, 228]
bytes_sent:[223899877, 223902185, 223904909, 223907429, 223910145, 223912759, 223915133, 223917445, 223919651, 223922025, 223925585, 223928333, 223931335, 223934638, 223937599, 223940846, 223943873, 223946916, 223950387, 223953287, 223956993, 223960859, 223964687, 223968251, 223972239, 223975251, 223979565, 223983071, 223986337, 223990873, 223994673, 223999048, 224002869, 224007712, 224012299, 224016310, 224020524, 224025149, 224029358, 224033851, 224038915, 224043607, 224048925, 224053415, 224058899, 224063655, 224068769, 224073789, 224078237, 224082557]
start_value_bytes_sent:223897503
