CPU:[100.0, 0.0, 0.0, 0.0, 0.0, 0.0, 0.0, 0.0, 0.0, 100.0, 0.0, 0.0, 0.0, 0.0, 0.0, 0.0, 75.0, 0.0, 0.0, 0.0]
CPU_USER:[2.0, 2.0, 0.0, 0.0, 2.0, 0.0, 0.0, 0.0, 1.0, 2.0, 0.0, 0.0, 0.0, 0.0, 2.0, 0.0, 1.0, 0.0, 0.0, 0.0]
CPU_SYSTEM:[0.0, 0.0, 0.0, 0.0, 0.0, 0.0, 0.0, 0.0, 0.0, 0.0, 0.0, 0.0, 0.0, 0.0, 0.0, 0.0, 0.0, 0.0, 0.0, 0.0]
CPU_IDLE:[1.0, 0.0, 0.0, 0.0, 0.0, 0.0, 0.0, 0.0, 0.0, 0.0, 0.0, 1.0, 0.0, 0.0, 0.0, 0.0, 0.0, 0.0, 0.0, 0.0]
MEMORY:[24.3, 24.3, 24.3, 24.3, 24.3, 24.3, 24.3, 24.3, 24.3, 24.3, 24.3, 24.3, 24.3, 24.3, 24.3, 24.3, 24.3, 24.3, 24.3, 24.3]
TIME:[0.0014857100031804293, 0.0013931589928688481, 0.0013734189997194335, 0.0013990970037411898, 0.0013832640106556937, 0.001375087013002485, 0.0013979509967612103, 0.0014080020046094432, 0.0014118560065981, 0.0013813880068482831, 0.0019056000019190833, 0.0018284660036442801, 0.0018475279939593747, 0.0018423199944663793, 0.0017872690077638254, 0.0018608620011946186, 0.001957318003405817, 0.0018645590025698766, 0.0018402370042167604, 0.0018825799925252795]
message_length:[10, 10, 10, 10, 10, 10, 10, 10, 10, 10, 83, 83, 83, 83, 83, 83, 83, 83, 83, 83]
bytes_sent:[226588980, 226591940, 226594290, 226597010, 226599020, 226601454, 226603864, 226606076, 226608594, 226610798, 226613140, 226616102, 226619064, 226622092, 226626672, 226628870, 226631832, 226634896, 226638718, 226642009]
start_value_bytes_sent:226587094
