CPU:[0.0, 0.0, 0.0, 0.0, 0.0, 50.0, 0.0, 0.0, 0.0, 0.0, 0.0, 0.0, 75.0, 0.0, 0.0, 100.0, 0.0, 0.0, 50.0, 0.0, 66.7, 0.0, 0.0, 100.0, 66.7, 0.0, 0.0, 0.0, 0.0, 0.0, 0.0, 0.0, 100.0, 0.0, 0.0, 0.0, 0.0, 0.0, 50.0, 0.0]
CPU_USER:[0.0, 0.0, 0.0, 0.0, 0.0, 1.0, 0.0, 0.0, 0.0, 0.0, 0.0, 0.0, 1.0, 0.0, 0.0, 1.0, 0.0, 0.0, 1.0, 0.0, 0.0, 1.0, 0.0, 1.0, 1.0, 1.0, 0.0, 0.0, 0.0, 0.0, 0.0, 0.0, 1.0, 0.0, 0.0, 0.0, 0.0, 0.0, 1.0, 1.0]
CPU_SYSTEM:[0.0, 0.0, 0.0, 0.0, 0.0, 0.0, 0.0, 0.0, 0.0, 0.0, 0.0, 0.0, 0.0, 0.0, 0.0, 0.0, 0.0, 0.0, 0.0, 0.0, 0.0, 0.0, 0.0, 0.0, 0.0, 0.0, 0.0, 0.0, 0.0, 0.0, 0.0, 0.0, 0.0, 0.0, 0.0, 0.0, 0.0, 0.0, 0.0, 0.0]
CPU_IDLE:[0.0, 0.0, 0.0, 0.0, 0.0, 0.0, 0.0, 0.0, 0.0, 0.0, 0.0, 0.0, 0.0, 1.0, 0.0, 0.0, 0.0, 0.0, 0.0, 0.0, 0.0, 0.0, 0.0, 0.0, 0.0, 0.0, 0.0, 0.0, 0.0, 0.0, 0.0, 0.0, 1.0, 0.0, 0.0, 0.0, 0.0, 0.0, 0.0, 0.0]
MEMORY:[24.2, 24.2, 24.2, 24.2, 24.2, 24.2, 24.2, 24.2, 24.2, 24.2, 24.2, 24.2, 24.2, 24.2, 24.2, 24.2, 24.2, 24.2, 24.2, 24.2, 24.2, 24.2, 24.2, 24.2, 24.2, 24.2, 24.2, 24.2, 24.2, 24.2, 24.2, 24.2, 24.2, 24.2, 24.2, 24.2, 24.2, 24.2, 24.2, 24.2]
TIME:[0.0009520880121272057, 0.0008852649916661903, 0.0009029730135807768, 0.0008934939978644252, 0.0008927650051191449, 0.0011866209970321506, 0.0008950049959821627, 0.000902504994883202, 0.0009722449904074892, 0.0008919840038288385, 0.0009975580032914877, 0.0009890149958664551, 0.0011052659974666312, 0.0009984950011130422, 0.001009068000712432, 0.001110994999180548, 0.0010155260097235441, 0.0010215679940301925, 0.000997973998892121, 0.0009880779980449006, 0.001238027005456388, 0.001093911996576935, 0.0010834429995156825, 0.0012246420083101839, 0.001217923010699451, 0.0010804740013554692, 0.001091828991775401, 0.0010863080096896738, 0.0011979749979218468, 0.0010906309908023104, 0.001336308996542357, 0.0012534440029412508, 0.0013862049963790923, 0.0012529749947134405, 0.0012838089896831661, 0.001239225995959714, 0.0012555269931908697, 0.0012720380036626011, 0.0014580290007870644, 0.001249902998097241]
bytes_sent:[207294511, 207297165, 207299867, 207302569, 207304789, 207308075, 207310295, 207312997, 207315291, 207317993, 207323315, 207327151, 207332709, 207336545, 207342169, 207346899, 207351629, 207356265, 207360995, 207364831, 207371389, 207377987, 207386051, 207392715, 207399277, 207404431, 207412009, 207418281, 207423733, 207430491, 207440387, 207449509, 207457895, 207466821, 207475375, 207483957, 207492511, 207501327, 207510011, 207518937]
start_value_bytes_sent:207292191
