CPU:[0.0, 0.0, 66.7, 66.7, 0.0, 100.0, 0.0, 0.0, 0.0, 0.0, 0.0, 0.0, 100.0, 0.0, 0.0, 0.0, 66.7, 66.7, 0.0, 0.0, 100.0, 66.7, 0.0, 50.0, 0.0, 0.0, 0.0, 66.7, 0.0, 0.0, 50.0, 0.0, 0.0, 0.0, 0.0, 0.0, 66.7, 66.7, 66.7, 50.0, 50.0, 50.0, 0.0, 50.0, 66.7, 33.3, 0.0, 0.0, 0.0, 0.0]
CPU_USER:[0.0, 0.0, 1.0, 1.0, 1.0, 0.0, 0.0, 0.0, 0.0, 0.0, 0.0, 1.0, 1.0, 1.0, 0.0, 0.0, 1.0, 1.0, 0.0, 0.0, 0.0, 1.0, 0.0, 0.0, 0.0, 0.0, 0.0, 1.0, 0.0, 1.0, 1.0, 1.0, 0.0, 0.0, 0.0, 0.0, 1.0, 2.0, 1.0, 1.0, 1.0, 1.0, 1.0, 1.0, 0.0, 1.0, 0.0, 0.0, 0.0, 2.0]
CPU_SYSTEM:[0.0, 0.0, 0.0, 0.0, 0.0, 0.0, 0.0, 1.0, 0.0, 0.0, 0.0, 0.0, 0.0, 0.0, 0.0, 0.0, 0.0, 0.0, 0.0, 0.0, 0.0, 0.0, 0.0, 0.0, 0.0, 0.0, 0.0, 0.0, 0.0, 0.0, 0.0, 0.0, 0.0, 0.0, 0.0, 0.0, 0.0, 0.0, 0.0, 0.0, 0.0, 0.0, 0.0, 0.0, 0.0, 0.0, 0.0, 0.0, 0.0, 0.0]
CPU_IDLE:[0.0, 1.0, 0.0, 0.0, 0.0, 0.0, 0.0, 0.0, 0.0, 0.0, 0.0, 0.0, 0.0, 0.0, 0.0, 0.0, 0.0, 0.0, 0.0, 0.0, 0.0, 0.0, 0.0, 0.0, 0.0, 0.0, 0.0, 0.0, 0.0, 0.0, 0.0, 0.0, 0.0, 0.0, 0.0, 0.0, 0.0, 0.0, 0.0, 0.0, 0.0, 0.0, 0.0, 0.0, 0.0, 0.0, 0.0, 0.0, 0.0, 0.0]
MEMORY:[24.4, 24.4, 24.4, 24.4, 24.4, 24.4, 24.4, 24.4, 24.4, 24.4, 24.4, 24.4, 24.4, 24.4, 24.4, 24.4, 24.4, 24.4, 24.4, 24.4, 24.4, 24.4, 24.4, 24.4, 24.4, 24.4, 24.4, 24.4, 24.4, 24.4, 24.4, 24.4, 24.4, 24.4, 24.4, 24.4, 24.4, 24.4, 24.4, 24.4, 24.4, 24.4, 24.4, 24.4, 24.4, 24.4, 24.4, 24.4, 24.4, 24.4]
TIME:[0.0015730529994470999, 0.0013815959973726422, 0.0023617410042788833, 0.0023489799932576716, 0.0020689320081146434, 0.0020564839942380786, 0.002067629000521265, 0.002111951995175332, 0.0021997120056767017, 0.0021777850051876158, 0.002699445001780987, 0.0026680390001274645, 0.0027715269970940426, 0.0026409550046082586, 0.002675487005035393, 0.002720174001296982, 0.002770015998976305, 0.0028167350101284683, 0.002662518003489822, 0.002686633000848815, 0.0029370979900704697, 0.003147928000544198, 0.0029220460128271952, 0.003112825012067333, 0.0029473579925252125, 0.002939701997092925, 0.0029389730043476447, 0.0031045430077938363, 0.002884702989831567, 0.002985639002872631, 0.00327157300489489, 0.003188136004609987, 0.0033040720009012148, 0.003179491002811119, 0.0032110010070027784, 0.003231729002436623, 0.003252249996876344, 0.0033276660105912015, 0.0032039689976954833, 0.003195167999365367, 0.0035391209967201576, 0.0034641220117919147, 0.003468028997303918, 0.0034796950058080256, 0.0035781309998128563, 0.0034734450018731877, 0.003443602006882429, 0.0033823519916040823, 0.003828387998510152, 0.0037725040019722655]
message_length:[10, 10, 10, 10, 10, 10, 10, 10, 10, 10, 83, 83, 83, 83, 83, 83, 83, 83, 83, 83, 155, 155, 155, 155, 155, 155, 155, 155, 155, 155, 227, 227, 227, 227, 227, 227, 227, 227, 227, 227, 299, 299, 299, 299, 299, 299, 299, 299, 299, 299]
bytes_sent:[228680360, 228683504, 228687494, 228691542, 228695494, 228699478, 228703656, 228707834, 228711772, 228715718, 228719814, 228724856, 228730247, 228734582, 228739608, 228744328, 228749302, 228754328, 228759146, 228764086, 228770802, 228775838, 228781598, 228787606, 228792635, 228798844, 228804322, 228809489, 228815596, 228820555, 228826546, 228833120, 228839742, 228846684, 228854096, 228859824, 228865228, 228872099, 228878450, 228884414, 228892384, 228899360, 228906344, 228911882, 228919984, 228926787, 228934054, 228938003, 228946190, 228953020]
start_value_bytes_sent:228678482
