TIME:[3.6411995190001107, 4.635796456000207, 4.863877204999881, 3.48899978999998, 3.622906628999772, 4.802149202999317, 3.6563890329998685, 4.791370426999492, 3.6346279170002163, 3.539931145999617, 3.6268572509998194, 3.52666980199956, 4.739335356999618, 3.5483399140002803, 4.937311076000697, 3.5399507290003385, 3.655831830000352, 4.783704522000335, 3.632735125999716, 3.4792768560000695, 3.6135407579995444, 3.549170964000041, 4.394844970000122, 4.89140327899986, 4.924716782999894, 4.662727834999714, 4.8242487790003, 4.82009033400027, 4.933057573999577, 4.743090532999304, 4.912086530999659, 4.665760154999589, 4.965636879999693, 4.5665799689995765, 4.772504122999635, 4.6774704519993975, 4.927423641000132, 4.576234223000029, 4.744910080999944, 3.564893896000285, 4.755394008000621, 3.5265483760003917, 3.483252516999528, 3.5641034070004025, 3.4896482399999513, 3.544175720000567, 3.4703343010005483, 4.7350310129995705, 4.708920447999844, 4.7459379640004045, 3.4840474920001725, 4.714178811999773, 4.78603315700002, 4.926698150999982, 4.782677420000255, 4.846605796999938, 4.832318140999632, 4.7261353490002875, 5.092500364000443, 4.713028959999974, 3.4846171939998385, 4.719885079999585, 4.628334072999678, 3.580438553000022, 3.4519684010001583, 3.574678218000372, 3.4955562859995553, 3.5880268890005027, 3.5065370570000596, 3.6223657930004265, 6.26747172100022, 3.615107999999964, 4.652646548999655, 4.802087270999436, 3.4885508870002013, 4.892608447999919, 4.709565015000408, 4.751005199000247, 4.838246090999746, 4.755635343999529, 4.670186179999291, 4.844218945000648, 4.765164308999374, 3.5943078700001934, 4.592101287000332, 4.840256878999753, 4.820206485000199, 4.787206873000287, 4.677814404999481, 3.6060206430001926, 4.755600059999779, 4.738444896999681, 4.7874355909998485, 4.466265223999471, 4.092875959000594, 3.579529286000252, 4.730737045999376, 3.5740482070004873, 3.4841487150006287, 3.6283622000000832]
message_length:[579873, 579873, 579873, 579873, 579873, 579873, 579873, 579873, 579873, 579873, 579873, 579873, 579873, 579873, 579873, 579873, 579873, 579873, 579873, 579873, 579873, 579873, 579873, 579873, 579873, 579873, 579873, 579873, 579873, 579873, 579873, 579873, 579873, 579873, 579873, 579873, 579873, 579873, 579873, 579873, 579873, 579873, 579873, 579873, 579873, 579873, 579873, 579873, 579873, 579873, 579873, 579873, 579873, 579873, 579873, 579873, 579873, 579873, 579873, 579873, 579873, 579873, 579873, 579873, 579873, 579873, 579873, 579873, 579873, 579873, 579873, 579873, 579873, 579873, 579873, 579873, 579873, 579873, 579873, 579873, 579873, 579873, 579873, 579873, 579873, 579873, 579873, 579873, 579873, 579873, 579873, 579873, 579873, 579873, 579873, 579873, 579873, 579873, 579873, 579873]
bytes_sent:[567749017, 568448199, 568979673, 569595737, 570211801, 570827865, 571443433, 572060047, 572676111, 573322439, 573908239, 574524303, 575140367, 575854863, 576372495, 576988063, 577635383, 578220687, 578836751, 579452319, 580068879, 580684943, 581301007, 581916575, 582533135, 583324531, 583765263, 584380831, 585028151, 585612959, 586229023, 586845583, 587461151, 588077765, 588693829, 589312969, 589925957, 590542021, 591158085, 591774149, 592390213, 593006277, 593621845, 594237909, 594853973, 595470533, 596117357, 596702165, 597421771, 597934789, 598550853, 599197181, 599782981, 600398549, 601015109, 601661933, 602247237, 602862805, 603478869, 604095483, 604711051, 605327115, 605943179, 606559739, 607175803, 607791867, 608407931, 609023995, 609640059, 610255627, 610872187, 611488251, 612104315, 612720379, 613428723, 614063243, 614568075, 615221547, 615800203, 616416267, 617032827, 617648891, 618264955, 618880523, 619527843, 620113147, 620728769, 621344833, 621960897, 622576961, 623193521, 623809089, 624425649, 625041217, 625688537, 626273841, 626889905, 627573641, 628122033, 628744249]
start_value_bytes_sent:567731267
