CPU:[66.7, 66.7, 0.0, 0.0, 0.0, 50.0, 66.7, 0.0, 0.0, 0.0, 0.0, 66.7, 50.0, 50.0, 0.0, 0.0, 0.0, 0.0, 0.0, 0.0, 0.0, 0.0, 0.0, 0.0, 0.0, 66.7, 66.7, 66.7, 50.0, 50.0]
CPU_USER:[1.0, 1.0, 0.0, 0.0, 0.0, 0.0, 1.0, 0.0, 0.0, 0.0, 1.0, 2.0, 0.0, 1.0, 0.0, 0.0, 0.0, 0.0, 0.0, 0.0, 0.0, 0.0, 0.0, 0.0, 0.0, 0.0, 2.0, 0.0, 1.0, 0.0]
CPU_SYSTEM:[0.0, 0.0, 0.0, 0.0, 0.0, 0.0, 0.0, 0.0, 0.0, 0.0, 0.0, 0.0, 0.0, 0.0, 0.0, 0.0, 0.0, 0.0, 0.0, 0.0, 0.0, 0.0, 0.0, 0.0, 0.0, 0.0, 0.0, 0.0, 0.0, 0.0]
CPU_IDLE:[0.0, 0.0, 1.0, 0.0, 0.0, 0.0, 0.0, 0.0, 0.0, 0.0, 0.0, 0.0, 0.0, 0.0, 0.0, 0.0, 0.0, 0.0, 0.0, 1.0, 0.0, 0.0, 0.0, 0.0, 0.0, 1.0, 0.0, 1.0, 0.0, 0.0]
MEMORY:[24.2, 24.2, 24.2, 24.2, 24.2, 24.2, 24.2, 24.2, 24.2, 24.2, 24.2, 24.2, 24.2, 24.2, 24.2, 24.2, 24.2, 24.2, 24.2, 24.2, 24.2, 24.2, 24.2, 24.2, 24.2, 24.2, 24.2, 24.2, 24.2, 24.2]
TIME:[0.0028545759996632114, 0.002032896998571232, 0.0019303430017316714, 0.002175397996325046, 0.0030595280113629997, 0.0028702020063064992, 0.0022568069980479777, 0.0021148770028958097, 0.0021206579986028373, 0.0020231569942552596, 0.0025982180086430162, 0.002746293001109734, 0.002728064006078057, 0.002653999996255152, 0.0024404029973084107, 0.0027589500095928088, 0.0035507330030668527, 0.0035555769864004105, 0.003704799004481174, 0.0037382360023912042, 0.003918811999028549, 0.0042482959979679435, 0.0030889549962012097, 0.0029369730036705732, 0.0029216599941719323, 0.003802977007580921, 0.0035343790077604353, 0.004146627994487062, 0.003883708006469533, 0.0040935019933385774]
bytes_sent:[180848531, 180852399, 180856361, 180860295, 180865069, 180869665, 180873629, 180877507, 180881645, 180885811, 180890264, 180895297, 180900250, 180905370, 180910286, 180915254, 180920447, 180925713, 180931741, 180936971, 180942737, 180950223, 180955224, 180960984, 180966585, 180973467, 180978476, 180985701, 180991147, 180998429]
start_value_bytes_sent:180845139
