CPU:[0.0, 0.0, 0.0, 0.0, 0.0, 50.0, 0.0, 0.0, 0.0, 0.0]
CPU_USER:[0.0, 0.0, 0.0, 0.0, 0.0, 1.0, 0.0, 0.0, 0.0, 0.0]
CPU_SYSTEM:[0.0, 0.0, 0.0, 0.0, 0.0, 0.0, 0.0, 0.0, 0.0, 0.0]
CPU_IDLE:[0.0, 0.0, 0.0, 0.0, 0.0, 0.0, 0.0, 0.0, 0.0, 0.0]
MEMORY:[24.2, 24.2, 24.2, 24.2, 24.2, 24.2, 24.2, 24.2, 24.2, 24.2]
TIME:[0.0009520880121272057, 0.0008852649916661903, 0.0009029730135807768, 0.0008934939978644252, 0.0008927650051191449, 0.0011866209970321506, 0.0008950049959821627, 0.000902504994883202, 0.0009722449904074892, 0.0008919840038288385]
bytes_sent:[207294511, 207297165, 207299867, 207302569, 207304789, 207308075, 207310295, 207312997, 207315291, 207317993]
start_value_bytes_sent:207292191
