CPU:[31.3, 0.0, 0.0, 0.0, 100.0, 0.0, 0.0, 0.0, 100.0, 0.0, 33.3, 66.7, 50.0, 0.0, 0.0, 33.3, 33.3, 66.7, 50.0, 0.0, 25.0, 40.0, 50.0, 25.0, 25.0, 33.3, 33.3, 25.0, 25.0, 33.3]
CPU_USER:[4.0, 0.0, 0.0, 0.0, 1.0, 0.0, 0.0, 0.0, 1.0, 0.0, 1.0, 1.0, 1.0, 1.0, 1.0, 1.0, 1.0, 1.0, 1.0, 0.0, 1.0, 1.0, 1.0, 1.0, 2.0, 1.0, 1.0, 1.0, 1.0, 1.0]
CPU_SYSTEM:[0.0, 0.0, 0.0, 0.0, 0.0, 1.0, 0.0, 0.0, 0.0, 0.0, 0.0, 0.0, 0.0, 0.0, 0.0, 0.0, 0.0, 0.0, 0.0, 0.0, 0.0, 0.0, 0.0, 0.0, 0.0, 0.0, 0.0, 0.0, 0.0, 0.0]
CPU_IDLE:[0.0, 0.0, 0.0, 0.0, 0.0, 0.0, 0.0, 0.0, 0.0, 0.0, 0.0, 0.0, 0.0, 0.0, 0.0, 0.0, 0.0, 0.0, 0.0, 0.0, 0.0, 0.0, 0.0, 0.0, 0.0, 0.0, 0.0, 0.0, 0.0, 0.0]
MEMORY:[24.3, 24.3, 24.3, 24.3, 24.3, 24.3, 24.3, 24.3, 24.3, 24.3, 24.3, 24.3, 24.3, 24.3, 24.3, 24.3, 24.3, 24.3, 24.3, 24.3, 24.3, 24.3, 24.3, 24.3, 24.3, 24.3, 24.3, 24.3, 24.3, 24.3]
TIME:[0.036394084003404714, 0.0015046039916342124, 0.0016056989989010617, 0.0016153860051417723, 0.0015138750022742897, 0.0015693960012868047, 0.0016527309926459566, 0.0014924160059308633, 0.0014999679988250136, 0.0014921550027793273, 0.006074976990930736, 0.006080653998651542, 0.006027840994647704, 0.005742784996982664, 0.005714087004889734, 0.0058967460063286126, 0.005900807998841628, 0.005981277994578704, 0.005786118999822065, 0.00612169700616505, 0.00908652800717391, 0.00889413000550121, 0.008745168990571983, 0.008934391007642262, 0.008815170003799722, 0.00877860700711608, 0.008914650999940932, 0.008846265001920983, 0.008889025993994437, 0.008719388002646156]
bytes_sent:[185756420, 185759364, 185761782, 185764632, 185766940, 185769652, 185772646, 185775822, 185778860, 185781176, 185785136, 185788762, 185792261, 185796274, 185799960, 185803662, 185807512, 185811337, 185815008, 185817998, 185821978, 185826428, 185830862, 185835304, 185839464, 185843530, 185848252, 185852628, 185856702, 185861232]
start_value_bytes_sent:185753990
