CPU:[33.3, 25.0, 33.3, 28.6, 33.3, 14.3, 25.0, 25.0, 25.0, 25.0]
CPU_USER:[1.0, 2.0, 1.0, 0.0, 2.0, 3.0, 1.0, 2.0, 2.0, 2.0]
CPU_SYSTEM:[0.0, 0.0, 0.0, 0.0, 0.0, 0.0, 0.0, 0.0, 0.0, 0.0]
CPU_IDLE:[0.0, 0.0, 1.0, 0.0, 0.0, 0.0, 0.0, 0.0, 0.0, 0.0]
MEMORY:[24.2, 24.2, 24.2, 24.2, 24.2, 24.2, 24.2, 24.2, 24.2, 24.2]
TIME:[0.019551304008928128, 0.019465781006147154, 0.018712700009928085, 0.018609314007335342, 0.018937077998998575, 0.018222487007733434, 0.018334937005420215, 0.018445509995217435, 0.01880233798874542, 0.019455468995147385]
bytes_sent:[193804935, 193811709, 193818025, 193824589, 193830613, 193836711, 193842641, 193848563, 193854385, 193861333]
start_value_bytes_sent:193798013
