CPU:[28.6, 0.0, 0.0, 0.0, 0.0, 0.0, 100.0, 0.0, 0.0, 66.7]
CPU_USER:[4.0, 0.0, 0.0, 1.0, 0.0, 0.0, 1.0, 0.0, 0.0, 1.0]
CPU_SYSTEM:[0.0, 0.0, 0.0, 0.0, 0.0, 0.0, 0.0, 0.0, 0.0, 0.0]
CPU_IDLE:[0.0, 0.0, 0.0, 0.0, 1.0, 0.0, 1.0, 0.0, 0.0, 0.0]
MEMORY:[24.3, 24.3, 24.3, 24.3, 24.3, 24.3, 24.3, 24.3, 24.3, 24.3]
TIME:[0.03635777499584947, 0.0015386680024676025, 0.0015533569967374206, 0.0015570019895676523, 0.0015010120114311576, 0.0016178369987756014, 0.0014811150031164289, 0.001481532002799213, 0.0015430430066771805, 0.0017320570041192695]
bytes_sent:[183007573, 183010697, 183013751, 183017001, 183019709, 183022723, 183025235, 183027645, 183030251, 183033065]
start_value_bytes_sent:183005107
