CPU:[25.0, 33.3, 33.3, 40.0, 33.3, 25.0, 33.3, 33.3, 33.3, 28.6]
CPU_USER:[2.0, 2.0, 2.0, 3.0, 2.0, 2.0, 2.0, 3.0, 1.0, 2.0]
CPU_SYSTEM:[0.0, 0.0, 0.0, 0.0, 0.0, 0.0, 0.0, 0.0, 0.0, 0.0]
CPU_IDLE:[0.0, 0.0, 0.0, 0.0, 0.0, 0.0, 0.0, 0.0, 0.0, 1.0]
MEMORY:[24.3, 24.3, 24.3, 24.3, 24.3, 24.3, 24.3, 24.3, 24.3, 24.3]
TIME:[0.020637403998989612, 0.020114129001740366, 0.020460739004192874, 0.020161733002169058, 0.021069949987577274, 0.020153660007053986, 0.02075807900109794, 0.020278292999137193, 0.01961887499783188, 0.01843540000845678]
message_length:[4, 4, 4, 4, 4, 4, 4, 4, 4, 4]
bytes_sent:[233622706, 233630538, 233638582, 233646146, 233654166, 233662524, 233670714, 233678474, 233685286, 233691644]
start_value_bytes_sent:233615078
