CPU:[20.0, 27.3, 30.0, 33.3, 33.3, 28.6, 16.7, 37.5, 33.3, 42.9, 25.0, 28.6, 37.5, 28.6, 33.3, 33.3, 28.6, 30.0, 28.6, 28.6, 54.5, 60.0, 44.4, 54.5, 60.0, 60.0, 55.6, 60.0, 44.4, 50.0, 54.5, 54.5, 58.3, 60.0, 44.4, 44.4, 60.0, 54.5, 54.5, 50.0, 50.0, 58.3, 54.5, 44.4, 54.5, 54.5, 50.0, 54.5, 58.3, 30.0]
CPU_USER:[1.0, 1.0, 1.0, 2.0, 1.0, 1.0, 2.0, 2.0, 2.0, 3.0, 2.0, 2.0, 3.0, 1.0, 2.0, 2.0, 2.0, 3.0, 2.0, 3.0, 4.0, 6.0, 5.0, 6.0, 6.0, 5.0, 4.0, 6.0, 4.0, 4.0, 6.0, 5.0, 6.0, 6.0, 4.0, 6.0, 6.0, 6.0, 6.0, 3.0, 5.0, 7.0, 6.0, 8.0, 6.0, 8.0, 6.0, 5.0, 7.0, 2.0]
CPU_SYSTEM:[0.0, 0.0, 0.0, 0.0, 0.0, 0.0, 0.0, 0.0, 0.0, 0.0, 0.0, 0.0, 0.0, 0.0, 0.0, 0.0, 0.0, 0.0, 0.0, 0.0, 0.0, 0.0, 0.0, 0.0, 0.0, 0.0, 0.0, 0.0, 0.0, 0.0, 0.0, 0.0, 0.0, 0.0, 0.0, 0.0, 0.0, 0.0, 0.0, 0.0, 0.0, 0.0, 0.0, 0.0, 0.0, 0.0, 0.0, 0.0, 0.0, 0.0]
CPU_IDLE:[0.0, 0.0, 0.0, 1.0, 0.0, 0.0, 0.0, 0.0, 0.0, 0.0, 0.0, 0.0, 0.0, 0.0, 0.0, 0.0, 0.0, 0.0, 0.0, 0.0, 0.0, 0.0, 0.0, 0.0, 0.0, 0.0, 0.0, 1.0, 0.0, 0.0, 0.0, 0.0, 0.0, 0.0, 0.0, 0.0, 0.0, 0.0, 0.0, 0.0, 0.0, 0.0, 0.0, 0.0, 0.0, 0.0, 0.0, 0.0, 0.0, 0.0]
MEMORY:[24.1, 24.1, 24.1, 24.1, 24.1, 24.1, 24.1, 24.1, 24.1, 24.1, 24.1, 24.1, 24.1, 24.1, 24.1, 24.1, 24.1, 24.1, 24.1, 24.1, 24.1, 24.1, 24.1, 24.1, 24.1, 24.1, 24.1, 24.1, 24.1, 24.1, 24.1, 24.1, 24.1, 24.1, 24.1, 24.1, 24.1, 24.1, 24.1, 24.1, 24.1, 24.1, 24.1, 24.1, 24.1, 24.1, 24.1, 24.1, 24.1, 24.1]
TIME:[0.026809224000317045, 0.02692667199880816, 0.023990654008230194, 0.015674790993216448, 0.015879689002758823, 0.01591390700195916, 0.015778490007505752, 0.015897292003501207, 0.015859114995691925, 0.016032240993808955, 0.019199721005861647, 0.018931227998109534, 0.019225137002649717, 0.018696173996431753, 0.019301075997645967, 0.019187065001460724, 0.019187949990737252, 0.023212364001665264, 0.019324566004797816, 0.018870029001845978, 0.025677962010377087, 0.023390439004288055, 0.02353314899664838, 0.02377455799432937, 0.023519085996667854, 0.023629035000340082, 0.023284292008611374, 0.023081373001332395, 0.02346918999683112, 0.02334382399567403, 0.02632895800343249, 0.02706688200123608, 0.02711766400898341, 0.02599207899766043, 0.025828536003245972, 0.02591895298974123, 0.026295415998902172, 0.025893067999277264, 0.02604905900079757, 0.025775671005249023, 0.028425591997802258, 0.028287986002396792, 0.028358456009300426, 0.028139339003246278, 0.028171890997327864, 0.028429394005797803, 0.028118400994571857, 0.028977889000088908, 0.029047680989606306, 0.02761277100944426]
bytes_sent:[196522043, 196533053, 196542665, 196547723, 196553525, 196559693, 196565287, 196570913, 196576877, 196582167, 196588897, 196595393, 196602453, 196608373, 196615063, 196621625, 196628787, 196635213, 196642099, 196648657, 196655790, 196663535, 196670887, 196678341, 196684964, 196692320, 196699342, 196706532, 196712793, 196720246, 196728585, 196736146, 196743952, 196752435, 196760307, 196768047, 196775919, 196783659, 196791062, 196798604, 196806988, 196815935, 196823734, 196832681, 196840348, 196848924, 196857781, 196865448, 196873173, 196882663]
start_value_bytes_sent:196511297
