CPU:[0.0, 0.0, 0.0, 0.0, 0.0, 0.0, 0.0, 0.0, 0.0, 0.0]
CPU_USER:[0.0, 0.0, 0.0, 0.0, 0.0, 0.0, 0.0, 0.0, 0.0, 0.0]
CPU_SYSTEM:[0.0, 0.0, 0.0, 0.0, 0.0, 0.0, 0.0, 0.0, 0.0, 0.0]
CPU_IDLE:[0.0, 1.0, 0.0, 1.0, 0.0, 0.0, 0.0, 0.0, 0.0, 0.0]
MEMORY:[24.2, 24.2, 24.2, 24.2, 24.2, 24.2, 24.2, 24.2, 24.2, 24.2]
TIME:[0.0010021400084951892, 0.0008946910093072802, 0.000892921001650393, 0.0008936490048654377, 0.0008903169946279377, 0.0009078160073840991, 0.0008899520034901798, 0.0008935460064094514, 0.0008900039974832907, 0.001005680998787284]
bytes_sent:[213876657, 213879617, 213882801, 213885021, 213887723, 213890841, 213893543, 213896245, 213898363, 213900995]
start_value_bytes_sent:213874827
