CPU:[0.0, 0.0, 0.0, 0.0, 0.0, 0.0, 0.0, 0.0, 0.0, 0.0, 0.0, 0.0, 0.0, 0.0, 0.0, 0.0, 0.0, 0.0, 0.0, 0.0, 100.0, 100.0, 0.0, 0.0, 0.0, 0.0, 0.0, 0.0, 0.0, 0.0, 0.0, 0.0, 0.0, 0.0, 0.0, 0.0, 0.0, 0.0, 0.0]
CPU_USER:[0.0, 0.0, 0.0, 0.0, 0.0, 0.0, 0.0, 0.0, 0.0, 0.0, 0.0, 0.0, 0.0, 0.0, 0.0, 0.0, 1.0, 0.0, 0.0, 0.0, 1.0, 1.0, 0.0, 0.0, 0.0, 0.0, 0.0, 0.0, 1.0, 0.0, 0.0, 0.0, 0.0, 0.0, 0.0, 0.0, 0.0, 0.0, 0.0]
CPU_SYSTEM:[0.0, 0.0, 0.0, 0.0, 0.0, 0.0, 0.0, 0.0, 0.0, 0.0, 0.0, 0.0, 0.0, 0.0, 0.0, 0.0, 0.0, 0.0, 0.0, 0.0, 0.0, 0.0, 0.0, 0.0, 0.0, 0.0, 0.0, 0.0, 0.0, 0.0, 1.0, 0.0, 0.0, 0.0, 1.0, 0.0, 0.0, 0.0, 0.0]
CPU_IDLE:[0.0, 0.0, 0.0, 0.0, 0.0, 0.0, 1.0, 0.0, 1.0, 0.0, 0.0, 0.0, 0.0, 0.0, 0.0, 0.0, 0.0, 0.0, 0.0, 0.0, 0.0, 0.0, 0.0, 0.0, 0.0, 0.0, 0.0, 0.0, 0.0, 0.0, 0.0, 0.0, 0.0, 0.0, 0.0, 1.0, 0.0, 0.0, 0.0]
MEMORY:[75.0, 75.0, 75.0, 75.0, 75.0, 75.0, 75.0, 75.0, 75.0, 75.0, 75.0, 75.0, 75.0, 75.0, 75.0, 75.0, 75.0, 75.0, 75.0, 75.0, 75.0, 75.0, 75.0, 75.0, 75.0, 75.0, 75.0, 75.0, 75.0, 75.0, 75.0, 75.0, 75.0, 75.0, 75.0, 75.0, 75.0, 75.0, 75.0]
TIME:[0.00010237199967377819, 9.40610007091891e-05, 9.20530001167208e-05, 9.800000043469481e-05, 8.623699977761135e-05, 9.836599929258227e-05, 0.00018258600175613537, 0.00010677799946279265, 0.00010334200123907067, 0.0001147800030594226, 0.00013124500037520193, 0.00013714599845116027, 0.00012317400251049548, 0.00013490499986801296, 0.00021143499907338992, 0.00014914400162524544, 0.0001635269982216414, 0.00018289400031790137, 0.00016149700240930542, 0.00016145499830599874, 0.00016312599836965092, 0.00021118899894645438, 0.00018257400006405078, 0.0001922149967867881, 0.0001988420008274261, 0.0002015610007219948, 0.0002050380026048515, 0.00020126699746469967, 0.0002115600000252016, 0.0002066329980152659, 0.00020374700034153648, 0.00021275600010994822, 0.0002326560024812352, 0.00021146600192878395, 0.00027582799884839915, 0.00023431500085280277, 0.00022633300250163302, 0.00026181899738730863, 0.00025873800041154027]
message_length:[57, 114, 171, 228, 285, 342, 399, 456, 513, 570, 627, 684, 741, 798, 855, 912, 969, 1026, 1083, 1140, 1197, 1254, 1311, 1368, 1425, 1482, 1539, 1596, 1653, 1710, 1767, 1824, 1881, 1938, 1995, 2052, 2109, 2166, 2223]
bytes_sent:[545391977, 545393248, 545394577, 545395911, 545397361, 545398764, 545400224, 545401741, 545403315, 545404946, 545406738, 545408587, 545410597, 545412456, 545414476, 545416657, 545418791, 545420982, 545423231, 545425485, 545427848, 545430268, 545432745, 545435279, 545437870, 545440518, 545443223, 545445985, 545448804, 545451680, 545454613, 545457603, 545460650, 545463754, 545466915, 545470133, 545473356, 545476636, 545480025]
start_value_bytes_sent:545391081
