TIME:[0.0044082949998482945, 0.004845843999646604, 0.0064159860003201175, 0.005698439999832772, 0.0059553129995038034, 0.004984436000086134, 0.0049476139993203105, 0.004874436999671161, 0.00483204099964496, 0.005769585999587434, 0.004967144999682205, 0.004843030999836628, 0.006918273999872326, 0.004803238999556925, 0.004896311999800673, 0.004925737999656121, 0.004859853999732877, 0.00603880200014828, 0.006701399999656132, 0.005116622000059579, 0.004962977999639406, 0.0049752690001696465, 0.004802927000127966, 0.005893802999707987, 0.004979280000043218, 0.004702197999904456, 0.004901519999293669, 0.004829020000215678, 0.005790523000541725, 0.006160728000395466, 0.004804230000445386, 0.004843968000386667, 0.004972925999936706, 0.009272837000025902, 0.00926200300000346, 0.010117463999449683, 0.010801260999869555, 0.009282054999857792, 0.010208192999925814, 0.010047673000372015, 0.009278982000068936, 0.01009600599991245, 0.010359805999542004, 0.009998245999668143, 0.010034549000010884, 0.010022151999692142, 0.010360378999394015, 0.010747354000159248, 0.01028017099997669, 0.010449387999869941, 0.010687147000680852, 0.011195578999831923, 0.010228713000287826, 0.010788552999656531, 0.010380638999777148, 0.010742720000052941, 0.010986050000610703, 0.011319797000396647, 0.011337141000694828, 0.011371151999810536, 0.011155789000440564, 0.011219486000300094, 0.00955491699915001, 0.011696669000230031, 0.009874653000224498, 0.011496149999402405, 0.010051372000816627, 0.009399137000400515, 0.010313034999853699, 0.010205016000327305, 0.010285640000802232, 0.010375013999691873, 0.01032683699941117, 0.011128445000395004, 0.011475211999822932, 0.011245734999647539, 0.011428443000113475, 0.011213339999812888, 0.009665333000157261, 0.009564604999468429, 0.009954964999451477, 0.009705854000458203, 0.009479500999987067, 0.009344034000605461, 0.009314607000305841, 0.009785644000658067, 0.010319598000023689, 0.010385847000179638, 0.010183244000472769, 0.010307671000191476, 0.010235484000077122, 0.010266472999319376, 0.011527191999448405, 0.011101987000074587, 0.011109746999864, 0.010906831999818678, 0.011348183000336576, 0.009346273000119254, 0.009591740000360005, 0.009623875000215776]
message_length:[839, 839, 839, 839, 839, 839, 839, 839, 839, 839, 839, 839, 839, 839, 839, 839, 839, 839, 839, 839, 839, 839, 839, 839, 839, 839, 839, 839, 839, 839, 839, 839, 839, 839, 839, 839, 839, 839, 839, 839, 839, 839, 839, 839, 839, 839, 839, 839, 839, 839, 839, 839, 839, 839, 839, 839, 839, 839, 839, 839, 839, 839, 839, 839, 839, 839, 839, 839, 839, 839, 839, 839, 839, 839, 839, 839, 839, 839, 839, 839, 839, 839, 839, 839, 839, 839, 839, 839, 839, 839, 839, 839, 839, 839, 839, 839, 839, 839, 839, 839]
bytes_sent:[874996608, 874999132, 875000072, 875001012, 875001952, 875002892, 875003832, 875004772, 875005712, 875006652, 875007592, 875008532, 875009472, 875010412, 875011352, 875012292, 875013232, 875014172, 875015112, 875016052, 875016992, 875017932, 875018872, 875019812, 875020752, 875021692, 875022632, 875023572, 875024512, 875025452, 875026392, 875027332, 875028272, 875029212, 875030152, 875031092, 875032032, 875032972, 875033912, 875034852, 875035792, 875036732, 875037672, 875038612, 875039552, 875040492, 875041432, 875042372, 875043312, 875044252, 875045192, 875046132, 875047072, 875048012, 875048952, 875049892, 875050832, 875051772, 875052712, 875053652, 875054592, 875055532, 875056472, 875057412, 875058352, 875059292, 875060232, 875061172, 875062112, 875063052, 875063992, 875064932, 875065872, 875066812, 875067752, 875068692, 875069632, 875070572, 875071512, 875072452, 875073392, 875074332, 875075272, 875076212, 875077152, 875078092, 875079032, 875079972, 875080912, 875081852, 875082792, 875083732, 875084672, 875085612, 875086552, 875087492, 875088432, 875089372, 875090312, 875091252]
start_value_bytes_sent:874996510
