CPU:[0.0, 0.0, 66.7, 66.7, 0.0, 100.0, 0.0, 0.0, 0.0, 0.0]
CPU_USER:[0.0, 0.0, 1.0, 1.0, 1.0, 0.0, 0.0, 0.0, 0.0, 0.0]
CPU_SYSTEM:[0.0, 0.0, 0.0, 0.0, 0.0, 0.0, 0.0, 1.0, 0.0, 0.0]
CPU_IDLE:[0.0, 1.0, 0.0, 0.0, 0.0, 0.0, 0.0, 0.0, 0.0, 0.0]
MEMORY:[24.4, 24.4, 24.4, 24.4, 24.4, 24.4, 24.4, 24.4, 24.4, 24.4]
TIME:[0.0015730529994470999, 0.0013815959973726422, 0.0023617410042788833, 0.0023489799932576716, 0.0020689320081146434, 0.0020564839942380786, 0.002067629000521265, 0.002111951995175332, 0.0021997120056767017, 0.0021777850051876158]
message_length:[10, 10, 10, 10, 10, 10, 10, 10, 10, 10]
bytes_sent:[228680360, 228683504, 228687494, 228691542, 228695494, 228699478, 228703656, 228707834, 228711772, 228715718]
start_value_bytes_sent:228678482
