CPU:[33.3, 33.3, 20.0, 16.7, 16.7, 28.6, 37.5, 28.6, 33.3, 42.9, 28.6, 37.5, 25.0, 25.0, 25.0, 25.0, 33.3, 25.0, 28.6, 25.0, 22.2, 30.0, 25.0, 25.0, 40.0, 33.3, 33.3, 33.3, 25.0, 33.3, 20.0, 22.2, 27.3, 22.2, 22.2, 30.0, 22.2, 45.5, 30.0, 22.2]
CPU_USER:[2.0, 3.0, 1.0, 1.0, 1.0, 2.0, 3.0, 2.0, 2.0, 2.0, 2.0, 2.0, 2.0, 0.0, 3.0, 2.0, 2.0, 2.0, 2.0, 2.0, 2.0, 3.0, 2.0, 2.0, 3.0, 2.0, 2.0, 3.0, 2.0, 1.0, 2.0, 3.0, 3.0, 3.0, 3.0, 3.0, 2.0, 3.0, 3.0, 2.0]
CPU_SYSTEM:[0.0, 0.0, 0.0, 0.0, 0.0, 0.0, 0.0, 0.0, 0.0, 0.0, 0.0, 0.0, 0.0, 0.0, 0.0, 0.0, 0.0, 0.0, 0.0, 0.0, 0.0, 0.0, 0.0, 0.0, 0.0, 0.0, 0.0, 0.0, 0.0, 0.0, 0.0, 0.0, 0.0, 0.0, 0.0, 0.0, 0.0, 0.0, 0.0, 0.0]
CPU_IDLE:[0.0, 0.0, 0.0, 0.0, 0.0, 0.0, 0.0, 0.0, 0.0, 0.0, 0.0, 1.0, 0.0, 0.0, 0.0, 0.0, 0.0, 0.0, 1.0, 0.0, 0.0, 0.0, 0.0, 0.0, 0.0, 0.0, 0.0, 0.0, 0.0, 0.0, 0.0, 0.0, 0.0, 1.0, 0.0, 1.0, 0.0, 0.0, 0.0, 0.0]
MEMORY:[24.3, 24.3, 24.3, 24.3, 24.3, 24.3, 24.3, 24.3, 24.3, 24.3, 24.3, 24.3, 24.3, 24.3, 24.3, 24.3, 24.3, 24.3, 24.3, 24.3, 24.3, 24.3, 24.3, 24.3, 24.4, 24.4, 24.4, 24.4, 24.4, 24.4, 24.4, 24.4, 24.4, 24.4, 24.4, 24.4, 24.4, 24.4, 24.4, 24.4]
TIME:[0.016827967003337108, 0.015867615002207458, 0.01579131299513392, 0.015803344009327702, 0.016360003995941952, 0.016172454998013563, 0.016082404006738216, 0.01623422400734853, 0.015555170000880025, 0.0159631340065971, 0.01930751900363248, 0.01906944898655638, 0.018951481994008645, 0.019738606992177665, 0.01946314299129881, 0.019045491004362702, 0.01928147800208535, 0.023786525998730212, 0.019429185005719773, 0.019276843013358302, 0.021580200002063066, 0.021815872998558916, 0.021507596000446938, 0.02126785900327377, 0.021798738001962192, 0.021824727999046445, 0.02202040200063493, 0.021720510005252436, 0.02156259599723853, 0.021670250993338414, 0.024837763005052693, 0.024703076996956952, 0.02429927999037318, 0.02364262199262157, 0.023569966011564247, 0.02385866099211853, 0.02404037700034678, 0.023564758987049572, 0.023576528998091817, 0.023587570001836866]
message_length:[4, 4, 4, 4, 4, 4, 4, 4, 4, 4, 4, 4, 4, 4, 4, 4, 4, 4, 4, 4, 4, 4, 4, 4, 4, 4, 4, 4, 4, 4, 4, 4, 4, 4, 4, 4, 4, 4, 4, 4]
bytes_sent:[230961372, 230967032, 230972560, 230978220, 230984142, 230989728, 230996120, 231001738, 231006084, 231012922, 231019756, 231025938, 231032298, 231039792, 231046242, 231052630, 231059118, 231066248, 231073162, 231079814, 231086880, 231093811, 231101522, 231108412, 231115572, 231122980, 231130630, 231137427, 231145098, 231152252, 231159793, 231167838, 231174318, 231182243, 231189651, 231196842, 231205634, 231212301, 231218525, 231226731]
start_value_bytes_sent:230955112
