TIME:[4.260836526000276, 4.51152159799949, 2.662076965999404, 3.9483840349994352, 2.7308929740001986, 2.7279205659997388, 2.6914275589997487, 2.677489618999971, 3.8677660860003016, 2.6836257449995173, 2.647005445999639, 2.691195603999404, 2.6382253909996507, 2.686748324999826, 2.637508651999269, 2.6820390160000898, 4.192368490000263, 2.741302712000106, 2.734365493000041, 4.0206618909996905, 3.9904328519996852, 2.71041277599943, 2.748687882000013, 2.7572819369997887, 2.7375485749998916, 3.9132614170002853, 2.701703751000423, 4.052315234000162, 3.9619523749997825, 2.7526660760004233, 4.029922106999948, 3.9218515299999126, 2.676930405999883, 2.642280135999499, 3.9090362269998877, 2.695562632000474, 2.639307438000287, 2.6864943959999437, 2.6437724739998885, 2.6922964010000214, 4.101879611000186, 2.735720075000245, 2.709144163000019, 2.779656031999366, 4.1330007799997475, 2.6961857659998714, 2.621209320000162, 2.6745889369994984, 4.166908850999789, 2.695321237999451, 2.743403190999743, 2.736054877999777, 2.7105082769994624, 2.687460197999826, 4.01746868400005, 2.694650630999604, 2.64036838300035, 2.6907567769994785, 2.638191232000281, 2.6914213729996845, 2.6407624280000164, 3.88751684700037, 2.6969100050000634, 2.637458685000638, 2.6971188249999614, 2.6920064289997754, 2.690228120000029, 2.641267856999548, 3.948403422999945, 2.6898924769993755, 2.699120586999925, 2.694017408000036, 2.6378787140001805, 2.6960283460002756, 2.6415233879997686, 2.69472144700012, 2.6395696709996628, 3.9395980429999327, 2.668506327000614, 2.6923616600006426, 2.6843561610003235, 2.6408755379998183, 3.9445387450005, 2.7149896359997, 4.01568699299969, 3.942164905000027, 3.956053713000074, 2.682354996999493, 2.690939674999754, 2.687610126999971, 2.6974258350001037, 2.695044507999228, 2.642413800000213, 2.693456463000075, 2.6390013950003777, 2.688802871000007, 2.638968389999718, 2.6899929279998105, 2.6381055980000383, 2.6887764940001944]
message_length:[520992, 520992, 520992, 520992, 520992, 520992, 520992, 520992, 520992, 520992, 520992, 520992, 520992, 520992, 520992, 520992, 520992, 520992, 520992, 520992, 520992, 520992, 520992, 520992, 520992, 520992, 520992, 520992, 520992, 520992, 520992, 520992, 520992, 520992, 520992, 520992, 520992, 520992, 520992, 520992, 520992, 520992, 520992, 520992, 520992, 520992, 520992, 520992, 520992, 520992, 520992, 520992, 520992, 520992, 520992, 520992, 520992, 520992, 520992, 520992, 520992, 520992, 520992, 520992, 520992, 520992, 520992, 520992, 520992, 520992, 520992, 520992, 520992, 520992, 520992, 520992, 520992, 520992, 520992, 520992, 520992, 520992, 520992, 520992, 520992, 520992, 520992, 520992, 520992, 520992, 520992, 520992, 520992, 520992, 520992, 520992, 520992, 520992, 520992, 520992]
bytes_sent:[875108486, 875662111, 876212528, 876766021, 877319514, 877873007, 878429080, 878980083, 879536652, 880083497, 880634500, 881190573, 881741576, 882297649, 882854804, 883409339, 883964460, 884516505, 885070088, 885622629, 886176122, 886729615, 887283108, 887837643, 888393260, 888944719, 889498302, 890051939, 890600908, 891154491, 891708074, 892266767, 892821798, 893372215, 893928784, 894480243, 895033826, 895586367, 896142936, 896696429, 897246846, 897796767, 898356998, 898907415, 899457336, 900014491, 900571060, 901124553, 901678046, 902231539, 902781956, 903338525, 903892018, 904445511, 904999004, 905552497, 906105990, 906659483, 907212976, 907766469, 908316886, 908873509, 909427002, 909980495, 910533988, 911084405, 911637898, 912194467, 912744884, 913301453, 913854946, 914405363, 914961932, 915515425, 916068918, 916622411, 917175904, 917729397, 918279814, 918836383, 919389876, 919943369, 920496862, 921041127, 921603848, 922155307, 922707848, 923264417, 923814834, 924371403, 924924400, 925478479, 926031972, 926582389, 927138958, 927689429, 928245998, 928796877, 929353488, 929903947]
start_value_bytes_sent:875091740
