CPU:[26.7, 100.0, 0.0, 0.0, 100.0, 0.0, 0.0, 0.0, 66.7, 0.0]
CPU_USER:[3.0, 1.0, 0.0, 0.0, 0.0, 0.0, 0.0, 0.0, 1.0, 0.0]
CPU_SYSTEM:[0.0, 0.0, 0.0, 0.0, 0.0, 0.0, 0.0, 0.0, 0.0, 0.0]
CPU_IDLE:[0.0, 0.0, 0.0, 0.0, 1.0, 0.0, 0.0, 0.0, 0.0, 0.0]
MEMORY:[24.4, 24.4, 24.4, 24.4, 24.4, 24.4, 24.4, 24.4, 24.4, 24.4]
TIME:[0.03683881199685857, 0.0016922819922911003, 0.0015141069889068604, 0.0015085850027389824, 0.001621449991944246, 0.0015668669948354363, 0.001499680001870729, 0.0015156169974943623, 0.0016363460017601028, 0.001561658995342441]
message_length:[0, 0, 0, 0, 0, 0, 0, 0, 0, 0]
bytes_sent:[223899877, 223902185, 223904909, 223907429, 223910145, 223912759, 223915133, 223917445, 223919651, 223922025]
start_value_bytes_sent:223897503
