TIME:[0.29441376399972796, 0.33444224200047756, 0.36613799699989613, 0.5942136260000552, 0.590942415000427, 0.3483137160001206, 0.5938306739999462, 0.5937306269997862, 0.32232374099930894, 0.32688421399961953, 0.5909067089996825, 0.5916268090004451, 0.3184204569997746, 0.3391875289999007, 0.5930116999998063, 0.590493085000162, 0.35672750399953657, 0.3313748079999641, 0.5902290869998978, 0.5924477670005217, 0.32925035799962643, 0.5943360359997314, 0.591553985000246, 0.5072511329999543, 0.34843396400083293, 0.34153195599992614, 0.5939523589995588, 0.5937477289999151, 0.3741537000005337, 0.5898992869997528, 0.5923558280001089, 0.3595683409994308, 0.592052765000517, 0.593543743999362, 0.3429109709995828, 0.5926370409997617, 0.5934711500003687, 0.34448825199979183, 0.3447773129992129, 0.5931160589998399, 0.5338689270001851, 0.5929665399999067, 0.5900481369999397, 0.5201632469998003, 0.34751495300042734, 0.3727247429997078, 0.32789984999999433, 0.34853531300086615, 0.32815860000027897, 0.31947348399990005, 0.32598138700086565, 0.34150336099992273, 0.34320558399940637, 0.34616362799988565, 0.5925805910001145, 0.5920464849996279, 0.3725089839999782, 0.5940866800001459, 0.5925013360001685, 0.35600655899997946, 0.5893510639998567, 0.5926351469997826, 0.31984115799969004, 0.5933808219997445, 0.5930841630006398, 0.3465541180003129, 0.5932025549991522, 0.5824951679996957, 0.3503713760001119, 0.3300432020005246, 0.5838581850002811, 0.5773232029996507, 0.34744339200005925, 0.36519951300033426, 0.571272962999501, 0.5691200209994349, 0.33318443299958744, 0.5730160799994337, 0.5857265249996999, 0.32073362799928873, 0.5777349979998689, 0.5927387530000487, 0.38415589799933514, 0.5926139170005627, 0.5923160590000407, 0.3438949119999961, 0.5937901659999625, 0.5925991919993976, 0.32256758400035324, 0.5889768910001294, 0.5904857850000553, 0.389549456000168, 0.591149793999648, 0.5934333680006603, 0.3491674779997993, 0.3426234320004369, 0.3430407739997463, 0.3503168999995978, 0.5728520840002602, 0.5703852369997549]
message_length:[865802, 865802, 865802, 865802, 865802, 865802, 865802, 865802, 865802, 865802, 865802, 865802, 865802, 865802, 865802, 865802, 865802, 865802, 865802, 865802, 865802, 865802, 865802, 865802, 865802, 865802, 865802, 865802, 865802, 865802, 865802, 865802, 865802, 865802, 865802, 865802, 865802, 865802, 865802, 865802, 865802, 865802, 865802, 865802, 865802, 865802, 865802, 865802, 865802, 865802, 865802, 865802, 865802, 865802, 865802, 865802, 865802, 865802, 865802, 865802, 865802, 865802, 865802, 865802, 865802, 865802, 865802, 865802, 865802, 865802, 865802, 865802, 865802, 865802, 865802, 865802, 865802, 865802, 865802, 865802, 865802, 865802, 865802, 865802, 865802, 865802, 865802, 865802, 865802, 865802, 865802, 865802, 865802, 865802, 865802, 865802, 865802, 865802, 865802, 865802]
bytes_sent:[691048475, 691983082, 692902895, 693815514, 694734741, 695653512, 696572739, 697495628, 698419013, 699332088, 700254977, 701171714, 702098175, 703017898, 703937621, 704857344, 705767839, 706694756, 707628411, 708524112, 709443835, 710363558, 711292013, 712208750, 713135211, 714063666, 714986555, 715910982, 716821567, 717745994, 718665807, 719579964, 720493535, 721419410, 722339133, 723258360, 724178669, 725083012, 726010425, 726926576, 727839195, 728758918, 729707367, 730608724, 731530571, 732443646, 733370107, 734284720, 735208105, 736125794, 737044069, 737963882, 738879577, 739803418, 740743225, 741656886, 742567967, 743485656, 744407503, 745339034, 746255771, 747183274, 748083093, 749009058, 749922719, 750851760, 751771573, 752706766, 753603509, 754539198, 755458921, 756361230, 757285657, 758216236, 759128359, 760043558, 760960295, 761878570, 762829143, 763744342, 764648775, 765557822, 766479173, 767400524, 768317261, 769237074, 770158425, 771078238, 771996513, 772917864, 773836139, 774757490, 775677303, 776614034, 777523081, 778433666, 779353581, 780292346, 781187461, 782111798]
start_value_bytes_sent:691035429
