CPU:[25.0, 33.3, 33.3, 40.0, 33.3, 25.0, 33.3, 33.3, 33.3, 28.6, 33.3, 33.3, 33.3, 22.2, 25.0, 40.0, 33.3, 27.3, 25.0, 30.0]
CPU_USER:[2.0, 2.0, 2.0, 3.0, 2.0, 2.0, 2.0, 3.0, 1.0, 2.0, 2.0, 3.0, 1.0, 2.0, 2.0, 3.0, 2.0, 2.0, 2.0, 1.0]
CPU_SYSTEM:[0.0, 0.0, 0.0, 0.0, 0.0, 0.0, 0.0, 0.0, 0.0, 0.0, 0.0, 0.0, 0.0, 0.0, 0.0, 0.0, 0.0, 0.0, 0.0, 0.0]
CPU_IDLE:[0.0, 0.0, 0.0, 0.0, 0.0, 0.0, 0.0, 0.0, 0.0, 1.0, 0.0, 0.0, 0.0, 0.0, 0.0, 0.0, 0.0, 1.0, 0.0, 0.0]
MEMORY:[24.3, 24.3, 24.3, 24.3, 24.3, 24.3, 24.3, 24.3, 24.3, 24.3, 24.3, 24.3, 24.3, 24.3, 24.3, 24.3, 24.3, 24.3, 24.3, 24.3]
TIME:[0.020637403998989612, 0.020114129001740366, 0.020460739004192874, 0.020161733002169058, 0.021069949987577274, 0.020153660007053986, 0.02075807900109794, 0.020278292999137193, 0.01961887499783188, 0.01843540000845678, 0.021648848996846937, 0.02196280400676187, 0.021690776004106738, 0.021760514995548874, 0.0220675430027768, 0.02190395000798162, 0.02143926901044324, 0.026722121008788235, 0.021619006991386414, 0.02240925699879881]
message_length:[4, 4, 4, 4, 4, 4, 4, 4, 4, 4, 4, 4, 4, 4, 4, 4, 4, 4, 4, 4]
bytes_sent:[233622706, 233630538, 233638582, 233646146, 233654166, 233662524, 233670714, 233678474, 233685286, 233691644, 233698096, 233705634, 233712628, 233719680, 233726836, 233734056, 233740912, 233748076, 233754932, 233762424]
start_value_bytes_sent:233615078
