CPU:[0.0, 0.0, 0.0, 0.0, 0.0, 0.0, 0.0, 0.0, 66.7, 0.0]
CPU_USER:[1.0, 0.0, 1.0, 0.0, 0.0, 1.0, 0.0, 0.0, 1.0, 0.0]
CPU_SYSTEM:[0.0, 0.0, 0.0, 0.0, 0.0, 0.0, 0.0, 0.0, 0.0, 0.0]
CPU_IDLE:[1.0, 0.0, 0.0, 0.0, 0.0, 0.0, 0.0, 0.0, 0.0, 0.0]
MEMORY:[24.3, 24.3, 24.3, 24.3, 24.3, 24.3, 24.3, 24.3, 24.3, 24.3]
TIME:[0.0010378010047134012, 0.0015609719994245097, 0.0015570139948977157, 0.0015259729989338666, 0.0013038399920333177, 0.0009996770095312968, 0.0016363369941245764, 0.0015787330048624426, 0.0017274290003115311, 0.001608316000783816]
message_length:[38, 38, 38, 38, 38, 38, 38, 38, 38, 38]
bytes_sent:[245055975, 245059843, 245064775, 245068635, 245072263, 245075345, 245079307, 245083869, 245088517, 245093511]
start_value_bytes_sent:245054033
