CPU:[33.3, 25.0, 33.3, 28.6, 33.3, 14.3, 25.0, 25.0, 25.0, 25.0, 25.0, 36.4, 22.2, 25.0, 25.0, 22.2, 30.0, 27.3, 41.7, 30.0, 33.3, 27.3, 27.3, 27.3, 27.3, 27.3, 27.3, 27.3, 27.3, 27.3, 33.3, 33.3, 25.0, 25.0, 38.5, 27.3, 27.3, 27.3, 27.3, 27.3]
CPU_USER:[1.0, 2.0, 1.0, 0.0, 2.0, 3.0, 1.0, 2.0, 2.0, 2.0, 1.0, 2.0, 1.0, 2.0, 2.0, 2.0, 2.0, 2.0, 4.0, 2.0, 2.0, 3.0, 3.0, 3.0, 2.0, 3.0, 3.0, 2.0, 3.0, 3.0, 2.0, 3.0, 3.0, 2.0, 3.0, 3.0, 3.0, 3.0, 2.0, 3.0]
CPU_SYSTEM:[0.0, 0.0, 0.0, 0.0, 0.0, 0.0, 0.0, 0.0, 0.0, 0.0, 0.0, 0.0, 0.0, 0.0, 0.0, 0.0, 0.0, 0.0, 0.0, 0.0, 0.0, 0.0, 0.0, 0.0, 0.0, 0.0, 0.0, 0.0, 0.0, 0.0, 0.0, 0.0, 0.0, 0.0, 0.0, 0.0, 0.0, 0.0, 0.0, 0.0]
CPU_IDLE:[0.0, 0.0, 1.0, 0.0, 0.0, 0.0, 0.0, 0.0, 0.0, 0.0, 0.0, 0.0, 0.0, 0.0, 0.0, 0.0, 0.0, 0.0, 0.0, 0.0, 0.0, 0.0, 0.0, 0.0, 0.0, 0.0, 0.0, 0.0, 0.0, 0.0, 0.0, 0.0, 0.0, 0.0, 0.0, 0.0, 0.0, 0.0, 0.0, 0.0]
MEMORY:[24.2, 24.2, 24.2, 24.2, 24.2, 24.2, 24.2, 24.2, 24.2, 24.2, 24.2, 24.2, 24.2, 24.2, 24.2, 24.2, 24.2, 24.2, 24.2, 24.2, 24.2, 24.2, 24.2, 24.2, 24.2, 24.2, 24.2, 24.2, 24.2, 24.2, 24.2, 24.2, 24.2, 24.2, 24.2, 24.2, 24.2, 24.2, 24.2, 24.2]
TIME:[0.019551304008928128, 0.019465781006147154, 0.018712700009928085, 0.018609314007335342, 0.018937077998998575, 0.018222487007733434, 0.018334937005420215, 0.018445509995217435, 0.01880233798874542, 0.019455468995147385, 0.02245159501035232, 0.02267461799783632, 0.022175758000230417, 0.022354145999997854, 0.02242633400601335, 0.023084152999217622, 0.022033672998077236, 0.02712706099555362, 0.02265524200629443, 0.021882004002691247, 0.025532095998642035, 0.02508917500381358, 0.02519829000812024, 0.024873183007002808, 0.02497505900100805, 0.025365947993122973, 0.023989526991499588, 0.02533292700536549, 0.025381157000083476, 0.02514047801378183, 0.028170092991786078, 0.028606087013031356, 0.028413168009137735, 0.027273520987364464, 0.02740367900696583, 0.027014923995011486, 0.027514877991052344, 0.027515138004673645, 0.02721128000121098, 0.027454929004306905]
bytes_sent:[193804935, 193811709, 193818025, 193824589, 193830613, 193836711, 193842641, 193848563, 193854385, 193861333, 193868663, 193875475, 193882931, 193889891, 193897149, 193903829, 193911023, 193917839, 193925851, 193931987, 193940067, 193948923, 193956761, 193964717, 193971964, 193980040, 193987991, 193995488, 194003831, 194011388, 194019748, 194027611, 194036967, 194044147, 194053651, 194061791, 194069752, 194077886, 194086629, 194094696]
start_value_bytes_sent:193798013
