TIME:[2.653997750000599, 2.670617048999702, 2.6688332160001664, 2.6667437599999175, 2.6990556920000017, 3.8070772510000097, 3.7748420030002308, 2.68522145299994, 2.6865530639997814, 2.7030062710000493, 2.7008444720004263, 3.758954055000686, 3.8022967369997787, 3.009481377999691, 3.1472660039999028, 2.6809442530002343, 3.7645352080007797, 2.6933803650008485, 3.802020757999344, 2.71142940000027, 2.6963956729996426, 2.687856216, 3.8418217749995165, 2.69628881799963, 2.691674120999778, 3.8033635699994193, 2.6984968920005485, 2.6907553979999648, 2.692521379000027, 3.8427306310004496, 2.695248920999802, 2.6937237829997684, 3.7468475739997302, 2.663615338999989, 2.6905977840006017, 2.698611058000097, 2.693385481000405, 2.702721243999804, 2.6921929489999457, 2.67799275499965, 2.698037963999923, 2.6963804289998734, 2.697929433000354, 2.7097262179995596, 2.6917741279994516, 3.2465110480006842, 2.9820840039992618, 2.7168882140003916, 3.805740084999343, 2.691822228000092, 2.6999969070002408, 2.7074168520002786, 2.6982014100003653, 3.8227596200003973, 2.6776142930002607, 2.6942477590000635, 2.6814403130001665, 2.692524500000218, 2.6810971479999353, 2.6942212140002084, 3.811668868999732, 4.119092572000227, 3.874272605999977, 3.8086062630000015, 3.7835150650007563, 3.867732943000192, 3.862915540999893, 3.853869216000021, 2.696785357999943, 3.790391503999672, 3.8241540559993155, 2.672180099999423, 2.6977120370002012, 2.696924859000319, 2.694554777999656, 4.142186975000186, 3.8254638750004233, 2.6727554870003587, 2.6933418380003786, 2.7090121329993053, 3.879419251999934, 3.803083770999365, 3.7870210929995665, 3.8081805659994643, 3.7767353539993564, 3.8029260900002555, 3.7743465319999814, 3.799292591000267, 3.7943080009999903, 3.560301528000309, 3.8133762489997025, 3.828226241000266, 3.781501616999776, 3.793721058000301, 3.763630364999699, 3.801640122000208, 3.835089082000195, 3.7524960430000647, 3.797911627999383, 3.762866961999862]
message_length:[520992, 520992, 520992, 520992, 520992, 520992, 520992, 520992, 520992, 520992, 520992, 520992, 520992, 520992, 520992, 520992, 520992, 520992, 520992, 520992, 520992, 520992, 520992, 520992, 520992, 520992, 520992, 520992, 520992, 520992, 520992, 520992, 520992, 520992, 520992, 520992, 520992, 520992, 520992, 520992, 520992, 520992, 520992, 520992, 520992, 520992, 520992, 520992, 520992, 520992, 520992, 520992, 520992, 520992, 520992, 520992, 520992, 520992, 520992, 520992, 520992, 520992, 520992, 520992, 520992, 520992, 520992, 520992, 520992, 520992, 520992, 520992, 520992, 520992, 520992, 520992, 520992, 520992, 520992, 520992, 520992, 520992, 520992, 520992, 520992, 520992, 520992, 520992, 520992, 520992, 520992, 520992, 520992, 520992, 520992, 520992, 520992, 520992, 520992, 520992]
bytes_sent:[930458616, 931015185, 931565602, 932115523, 932666526, 933220019, 933773512, 934333157, 934880498, 935436571, 935987574, 936548261, 937100802, 937650723, 938207932, 938761425, 939314918, 939869453, 940423036, 940976619, 941529160, 942083695, 942637278, 943190861, 943743402, 944293323, 944850478, 945403971, 945953892, 946511047, 947065582, 947619165, 948171706, 948726241, 949278782, 949828703, 950382286, 950935869, 951493024, 952046517, 952596438, 953156669, 953703514, 954261711, 954817328, 955370875, 955915140, 956477861, 957031354, 957584847, 958135264, 958691833, 959245326, 959795743, 960352312, 960902729, 961459298, 962012791, 962566284, 963119777, 963673270, 964223687, 964778222, 965333839, 965887332, 966440825, 966991242, 967547811, 968098228, 968651721, 969208290, 969758707, 970315276, 970868769, 971419186, 971975259, 972520110, 973082885, 973636378, 974189871, 974740288, 975293781, 975850350, 976403843, 976957336, 977510829, 978064322, 978614739, 979171308, 979721725, 980278294, 980828711, 981385280, 981938773, 982492266, 983045759, 983599252, 984149669, 984706238, 985259731]
start_value_bytes_sent:930445486
