CPU:[0.0, 0.0, 0.0, 0.0, 100.0, 0.0, 0.0, 100.0, 0.0, 0.0, 0.0, 66.7, 0.0, 0.0, 0.0, 100.0, 100.0, 0.0, 0.0, 0.0, 0.0, 0.0, 100.0, 66.7, 0.0, 0.0, 0.0, 0.0, 100.0, 0.0, 0.0, 0.0, 0.0, 0.0, 0.0, 0.0, 0.0, 100.0, 0.0, 0.0]
CPU_USER:[0.0, 0.0, 0.0, 0.0, 0.0, 0.0, 0.0, 1.0, 0.0, 0.0, 0.0, 0.0, 0.0, 0.0, 0.0, 1.0, 0.0, 0.0, 0.0, 0.0, 0.0, 0.0, 0.0, 0.0, 0.0, 0.0, 0.0, 0.0, 1.0, 0.0, 0.0, 0.0, 1.0, 0.0, 0.0, 0.0, 0.0, 1.0, 0.0, 0.0]
CPU_SYSTEM:[0.0, 0.0, 0.0, 0.0, 0.0, 0.0, 0.0, 0.0, 0.0, 0.0, 0.0, 0.0, 0.0, 0.0, 0.0, 0.0, 0.0, 0.0, 0.0, 1.0, 0.0, 0.0, 0.0, 0.0, 0.0, 0.0, 1.0, 0.0, 0.0, 0.0, 0.0, 0.0, 0.0, 0.0, 0.0, 0.0, 0.0, 0.0, 0.0, 0.0]
CPU_IDLE:[0.0, 0.0, 0.0, 0.0, 0.0, 0.0, 0.0, 0.0, 0.0, 0.0, 0.0, 0.0, 0.0, 1.0, 0.0, 0.0, 0.0, 1.0, 0.0, 0.0, 0.0, 0.0, 0.0, 0.0, 0.0, 1.0, 0.0, 0.0, 0.0, 0.0, 0.0, 0.0, 0.0, 0.0, 0.0, 0.0, 0.0, 0.0, 1.0, 0.0]
MEMORY:[24.3, 24.3, 24.3, 24.3, 24.3, 24.3, 24.3, 24.3, 24.3, 24.3, 24.3, 24.3, 24.3, 24.3, 24.3, 24.3, 24.3, 24.3, 24.3, 24.3, 24.3, 24.3, 24.3, 24.3, 24.3, 24.3, 24.3, 24.3, 24.3, 24.3, 24.3, 24.3, 24.3, 24.3, 24.3, 24.3, 24.3, 24.3, 24.3, 24.3]
TIME:[0.0009062400058610365, 0.0008863960101734847, 0.0008744169899728149, 0.0008978019905043766, 0.0009738439985085279, 0.0008946769958129153, 0.0009023849997902289, 0.001028529994073324, 0.00088759399659466, 0.0009022300073411316, 0.0010017599997809157, 0.0011206639901502058, 0.0010034779988927767, 0.0009903009922709316, 0.0010061350039904937, 0.0010788939980557188, 0.000984936996246688, 0.0010221240081591532, 0.0009949369996320456, 0.0009894160029944032, 0.0010791549866553396, 0.0010897269967244938, 0.0012281630042707548, 0.0011770179989980534, 0.0010705090098781511, 0.001099311004509218, 0.0010761860030470416, 0.0010868100071093068, 0.0011659239971777424, 0.0010959780047414824, 0.0012484759936342016, 0.0012602469942066818, 0.001260506993276067, 0.00129738099349197, 0.0012955589918419719, 0.0012220179924042895, 0.0012938920117449015, 0.0013153500040061772, 0.001262954989215359, 0.0012768610031343997]
message_length:[38, 38, 38, 38, 38, 38, 38, 38, 38, 38, 224, 224, 224, 224, 224, 224, 224, 224, 224, 224, 410, 410, 410, 410, 410, 410, 410, 410, 410, 410, 596, 596, 596, 596, 596, 596, 596, 596, 596, 596]
bytes_sent:[238029635, 238032031, 238034807, 238037027, 238040211, 238042913, 238045133, 238047769, 238050953, 238053655, 238058401, 238063131, 238066967, 238072693, 238077031, 238081181, 238084539, 238089771, 238093607, 238098337, 238106099, 238112355, 238119113, 238125777, 238132535, 238138995, 238145549, 238151001, 238158999, 238164451, 238174143, 238182799, 238191157, 238199609, 238207995, 238216709, 238225067, 238233045, 238241971, 238250451]
start_value_bytes_sent:238027889
