CPU:[100.0, 0.0, 0.0, 0.0, 0.0, 0.0, 0.0, 0.0, 0.0, 100.0, 0.0, 0.0, 0.0, 0.0, 0.0, 0.0, 75.0, 0.0, 0.0, 0.0, 0.0, 0.0, 0.0, 0.0, 0.0, 0.0, 0.0, 0.0, 50.0, 50.0, 0.0, 0.0, 0.0, 0.0, 0.0, 0.0, 75.0, 66.7, 66.7, 50.0, 66.7, 66.7, 50.0, 0.0, 0.0, 100.0, 66.7, 75.0, 0.0, 0.0, 66.7, 0.0, 0.0, 0.0, 0.0, 66.7, 66.7, 0.0, 0.0, 0.0]
CPU_USER:[2.0, 2.0, 0.0, 0.0, 2.0, 0.0, 0.0, 0.0, 1.0, 2.0, 0.0, 0.0, 0.0, 0.0, 2.0, 0.0, 1.0, 0.0, 0.0, 0.0, 0.0, 0.0, 0.0, 0.0, 0.0, 2.0, 0.0, 0.0, 1.0, 1.0, 0.0, 0.0, 0.0, 0.0, 0.0, 0.0, 1.0, 1.0, 1.0, 1.0, 1.0, 2.0, 1.0, 0.0, 0.0, 1.0, 1.0, 1.0, 1.0, 0.0, 0.0, 1.0, 0.0, 0.0, 0.0, 1.0, 1.0, 0.0, 0.0, 0.0]
CPU_SYSTEM:[0.0, 0.0, 0.0, 0.0, 0.0, 0.0, 0.0, 0.0, 0.0, 0.0, 0.0, 0.0, 0.0, 0.0, 0.0, 0.0, 0.0, 0.0, 0.0, 0.0, 0.0, 0.0, 0.0, 0.0, 0.0, 0.0, 0.0, 0.0, 0.0, 0.0, 0.0, 0.0, 0.0, 0.0, 0.0, 0.0, 0.0, 0.0, 0.0, 0.0, 0.0, 0.0, 0.0, 0.0, 0.0, 0.0, 0.0, 0.0, 0.0, 0.0, 0.0, 0.0, 0.0, 0.0, 0.0, 0.0, 0.0, 0.0, 0.0, 0.0]
CPU_IDLE:[1.0, 0.0, 0.0, 0.0, 0.0, 0.0, 0.0, 0.0, 0.0, 0.0, 0.0, 1.0, 0.0, 0.0, 0.0, 0.0, 0.0, 0.0, 0.0, 0.0, 0.0, 0.0, 1.0, 0.0, 0.0, 1.0, 0.0, 0.0, 0.0, 0.0, 0.0, 0.0, 0.0, 0.0, 0.0, 0.0, 0.0, 0.0, 0.0, 0.0, 0.0, 0.0, 0.0, 0.0, 0.0, 0.0, 0.0, 1.0, 0.0, 0.0, 0.0, 0.0, 0.0, 0.0, 0.0, 0.0, 0.0, 0.0, 0.0, 0.0]
MEMORY:[24.3, 24.3, 24.3, 24.3, 24.3, 24.3, 24.3, 24.3, 24.3, 24.3, 24.3, 24.3, 24.3, 24.3, 24.3, 24.3, 24.3, 24.3, 24.3, 24.3, 24.3, 24.3, 24.3, 24.3, 24.3, 24.3, 24.3, 24.3, 24.3, 24.3, 24.3, 24.3, 24.3, 24.3, 24.3, 24.3, 24.3, 24.3, 24.3, 24.3, 24.3, 24.3, 24.3, 24.3, 24.3, 24.3, 24.3, 24.3, 24.3, 24.3, 24.3, 24.3, 24.3, 24.3, 24.3, 24.3, 24.3, 24.3, 24.3, 24.3]
TIME:[0.0014857100031804293, 0.0013931589928688481, 0.0013734189997194335, 0.0013990970037411898, 0.0013832640106556937, 0.001375087013002485, 0.0013979509967612103, 0.0014080020046094432, 0.0014118560065981, 0.0013813880068482831, 0.0019056000019190833, 0.0018284660036442801, 0.0018475279939593747, 0.0018423199944663793, 0.0017872690077638254, 0.0018608620011946186, 0.001957318003405817, 0.0018645590025698766, 0.0018402370042167604, 0.0018825799925252795, 0.0021882529981667176, 0.0022109080018708482, 0.002512416001991369, 0.0024321559903910384, 0.002503508992958814, 0.002646528009790927, 0.002145179998478852, 0.0020426819974090904, 0.002270647994009778, 0.0020607030019164085, 0.002331897005205974, 0.002388146996963769, 0.00225991899787914, 0.00233173999004066, 0.002299501997185871, 0.0023200750001706183, 0.002447103994200006, 0.00244423899857793, 0.00252944600651972, 0.0023023659887257963, 0.002683298007468693, 0.0026913190085906535, 0.0025736130046425387, 0.0026346009981352836, 0.002563301008194685, 0.002692465001018718, 0.002747620004811324, 0.0027864220028277487, 0.002608612005133182, 0.002538196000386961, 0.0028523070068331435, 0.0028328799962764606, 0.002849598997272551, 0.0028631400055019185, 0.0028496500017354265, 0.002956106996862218, 0.0030088159983279184, 0.002853295998647809, 0.0028417860012268648, 0.002831161007634364]
message_length:[10, 10, 10, 10, 10, 10, 10, 10, 10, 10, 83, 83, 83, 83, 83, 83, 83, 83, 83, 83, 155, 155, 155, 155, 155, 155, 155, 155, 155, 155, 227, 227, 227, 227, 227, 227, 227, 227, 227, 227, 299, 299, 299, 299, 299, 299, 299, 299, 299, 299, 371, 371, 371, 371, 371, 371, 371, 371, 371, 371]
bytes_sent:[226588980, 226591940, 226594290, 226597010, 226599020, 226601454, 226603864, 226606076, 226608594, 226610798, 226613140, 226616102, 226619064, 226622092, 226626672, 226628870, 226631832, 226634896, 226638718, 226642009, 226645594, 226650202, 226654218, 226658083, 226662598, 226666622, 226670638, 226675368, 226679870, 226684098, 226688726, 226694990, 226699872, 226705415, 226710014, 226716547, 226721772, 226726743, 226732290, 226738077, 226745256, 226751868, 226757014, 226764680, 226771256, 226776366, 226783742, 226789851, 226796211, 226801678, 226809661, 226816656, 226823560, 226830928, 226838578, 226845353, 226852664, 226858986, 226866621, 226873737]
start_value_bytes_sent:226587094
