CPU:[26.7, 0.0, 0.0, 0.0, 0.0, 100.0, 0.0, 0.0, 66.7, 0.0]
CPU_USER:[4.0, 0.0, 0.0, 0.0, 0.0, 0.0, 0.0, 0.0, 1.0, 1.0]
CPU_SYSTEM:[0.0, 0.0, 0.0, 0.0, 0.0, 0.0, 0.0, 0.0, 0.0, 0.0]
CPU_IDLE:[0.0, 0.0, 0.0, 0.0, 0.0, 0.0, 0.0, 0.0, 0.0, 0.0]
MEMORY:[24.4, 24.4, 24.4, 24.4, 24.4, 24.4, 24.4, 24.4, 24.4, 24.4]
TIME:[0.03645496100944001, 0.0015286900015780702, 0.0014704089990118518, 0.0014777000033063814, 0.0015189510013442487, 0.0014937939995434135, 0.0014582220028387383, 0.0014934299979358912, 0.0014409299910767004, 0.0014981700078351423]
message_length:[0, 0, 0, 0, 0, 0, 0, 0, 0, 0]
bytes_sent:[221256586, 221259760, 221262170, 221264478, 221266990, 221269416, 221271658, 221274272, 221276894, 221279194]
start_value_bytes_sent:221254796
