CPU:[0.0, 0.0, 0.0, 66.7, 0.0, 0.0, 0.0, 50.0, 0.0, 0.0]
CPU_USER:[0.0, 0.0, 0.0, 1.0, 0.0, 0.0, 1.0, 1.0, 2.0, 0.0]
CPU_SYSTEM:[0.0, 0.0, 0.0, 0.0, 0.0, 0.0, 0.0, 0.0, 0.0, 0.0]
CPU_IDLE:[0.0, 0.0, 1.0, 0.0, 0.0, 0.0, 0.0, 1.0, 0.0, 0.0]
MEMORY:[24.2, 24.2, 24.2, 24.2, 24.2, 24.2, 24.2, 24.2, 24.2, 24.2]
TIME:[0.0013904399966122583, 0.0013316360127646476, 0.0013246570015326142, 0.001324604992987588, 0.0013391889951890334, 0.001320126000791788, 0.0013139280054019764, 0.0012979380117030814, 0.0015452340012416244, 0.0027486909966683015]
bytes_sent:[178740973, 178743655, 178746071, 178748503, 178750717, 178753429, 178755853, 178757861, 178758405, 178762711]
start_value_bytes_sent:178738853
