TIME:[3.644100728000012, 3.5930375730004016, 5.174733109000044, 3.5349789889996828, 3.5957347250005114, 3.4995354180000504, 3.647275405000073, 5.144302515000163, 3.6342378110002755, 5.528872759000478, 4.947992501000044, 4.905751995999708, 4.940891448999537, 4.924264436999692, 4.950516824999795, 3.5401505019999604, 5.025681668999823, 3.5398969639991265, 5.061640158000046, 3.5326800459997685, 5.1228163690002475, 5.053392689000248, 5.096185467000396, 4.937112281999362, 5.052533080999638, 4.926342652999665, 4.871948066000186, 4.786348255000121, 4.97683434999999, 4.7952596100003575, 4.984295720000773, 3.5318176729997504, 5.167710605999673, 3.5407408270002634, 3.600772460000371, 3.486303369999405, 3.6461526140001297, 3.4904038439999567, 4.85705912999947, 3.4861650120001286, 3.59897472800003, 3.474078317999556, 3.441694627999823, 3.5319996729995182, 3.832087577000493, 4.337995822000266, 5.014080572000239, 4.946035505000509, 4.721580184999766, 4.931943384000078, 4.9094724950000455, 4.849597569999787, 4.731834962999528, 4.965276009999798, 4.829740258000129, 4.981669693000185, 4.851116503999947, 3.592562734999774, 5.028031189000103, 3.5420248240006913, 4.763675759999387, 4.9736304319994815, 3.4851272920004703, 4.77334128000075, 4.874242722999952, 4.787376588999905, 4.940977631000351, 4.884516888999315, 4.891378894000809, 3.56992724400061, 3.4590072139999393, 3.58251681099955, 3.45044173199949, 5.02168576799977, 5.036499431000266, 4.956021627000155, 3.518012379000538, 3.5432617310007117, 3.466639405999558, 5.010006398999394, 3.4778220059997693, 3.5902700750002623, 5.061589714000547, 5.122941775000072, 3.493044030999954, 4.79933128599987, 4.9036186459998135, 4.977743266999823, 5.1416554420002285, 3.609842028999992, 3.50050239400025, 4.966787280000062, 4.8312884219994885, 5.003457774999333, 4.8718722720004735, 5.016858549000062, 4.788973972999884, 4.995595936000427, 5.055000510999889, 4.994028590999733]
message_length:[579873, 579873, 579873, 579873, 579873, 579873, 579873, 579873, 579873, 579873, 579873, 579873, 579873, 579873, 579873, 579873, 579873, 579873, 579873, 579873, 579873, 579873, 579873, 579873, 579873, 579873, 579873, 579873, 579873, 579873, 579873, 579873, 579873, 579873, 579873, 579873, 579873, 579873, 579873, 579873, 579873, 579873, 579873, 579873, 579873, 579873, 579873, 579873, 579873, 579873, 579873, 579873, 579873, 579873, 579873, 579873, 579873, 579873, 579873, 579873, 579873, 579873, 579873, 579873, 579873, 579873, 579873, 579873, 579873, 579873, 579873, 579873, 579873, 579873, 579873, 579873, 579873, 579873, 579873, 579873, 579873, 579873, 579873, 579873, 579873, 579873, 579873, 579873, 579873, 579873, 579873, 579873, 579873, 579873, 579873, 579873, 579873, 579873, 579873, 579873]
bytes_sent:[629356081, 630053749, 630615983, 631204363, 631820427, 632436491, 633052555, 633699379, 634284683, 634900747, 635547571, 636132875, 636833529, 637365003, 637981067, 638597131, 639212699, 639890779, 640445323, 641061387, 641677451, 642293515, 642909083, 643525147, 644338075, 644757329, 645373889, 645989953, 646606017, 647222081, 647838145, 648454209, 649070273, 649686337, 650302401, 650918465, 651559137, 652150593, 652848171, 653382225, 653998785, 654614353, 655258101, 655846977, 656493801, 657079105, 657695169, 658311233, 658927297, 659543361, 660159425, 660775543, 661391607, 662007671, 662719091, 663239799, 663855367, 664471431, 665087991, 665704055, 666347803, 666935687, 667552247, 668168311, 668784375, 669428123, 670016007, 670632071, 671248631, 671864695, 672480759, 673096823, 673863611, 674328951, 675012687, 675561079, 676176647, 676793261, 677476997, 678025389, 678641453, 679257517, 679873581, 680489645, 681105709, 681721773, 682337837, 682953901, 683569469, 684186029, 684802093, 685418157, 686034221, 686650285, 687315565, 687882413, 688498477, 689114541, 689730605, 690346669]
start_value_bytes_sent:629339827
