CPU:[28.6, 0.0, 0.0, 0.0, 0.0, 0.0, 100.0, 0.0, 0.0, 66.7, 33.3, 50.0, 0.0, 0.0, 0.0, 0.0, 0.0, 0.0, 33.3, 33.3, 33.3, 0.0, 40.0, 25.0, 40.0, 50.0, 50.0, 0.0, 33.3, 25.0]
CPU_USER:[4.0, 0.0, 0.0, 1.0, 0.0, 0.0, 1.0, 0.0, 0.0, 1.0, 1.0, 1.0, 0.0, 0.0, 0.0, 0.0, 0.0, 1.0, 1.0, 1.0, 1.0, 1.0, 1.0, 1.0, 1.0, 2.0, 1.0, 2.0, 1.0, 0.0]
CPU_SYSTEM:[0.0, 0.0, 0.0, 0.0, 0.0, 0.0, 0.0, 0.0, 0.0, 0.0, 0.0, 0.0, 0.0, 0.0, 0.0, 0.0, 0.0, 0.0, 0.0, 0.0, 0.0, 0.0, 0.0, 0.0, 0.0, 0.0, 0.0, 0.0, 0.0, 0.0]
CPU_IDLE:[0.0, 0.0, 0.0, 0.0, 1.0, 0.0, 1.0, 0.0, 0.0, 0.0, 0.0, 0.0, 0.0, 0.0, 0.0, 0.0, 0.0, 1.0, 0.0, 1.0, 0.0, 0.0, 0.0, 0.0, 0.0, 0.0, 0.0, 0.0, 1.0, 0.0]
MEMORY:[24.3, 24.3, 24.3, 24.3, 24.3, 24.3, 24.3, 24.3, 24.3, 24.3, 24.3, 24.3, 24.3, 24.3, 24.3, 24.3, 24.3, 24.3, 24.3, 24.3, 24.3, 24.3, 24.3, 24.3, 24.3, 24.3, 24.3, 24.3, 24.3, 24.3]
TIME:[0.03635777499584947, 0.0015386680024676025, 0.0015533569967374206, 0.0015570019895676523, 0.0015010120114311576, 0.0016178369987756014, 0.0014811150031164289, 0.001481532002799213, 0.0015430430066771805, 0.0017320570041192695, 0.006194415007485077, 0.005927690988755785, 0.005728001007810235, 0.005665240008966066, 0.0057433139882050455, 0.005539457008126192, 0.0057850330049404874, 0.005621645992505364, 0.005692011007340625, 0.005835086005390622, 0.008822161995340139, 0.008652524003991857, 0.008793358996626921, 0.008834088002913631, 0.008903724999981932, 0.00872486901062075, 0.008863775990903378, 0.008775234004133381, 0.008783566998317838, 0.00889398499566596]
bytes_sent:[183007573, 183010697, 183013751, 183017001, 183019709, 183022723, 183025235, 183027645, 183030251, 183033065, 183036695, 183040419, 183043775, 183047653, 183050997, 183054393, 183058548, 183062051, 183066170, 183070081, 183074489, 183078845, 183083295, 183087789, 183092019, 183096513, 183101081, 183105221, 183109553, 183114195]
start_value_bytes_sent:183005107
