CPU:[0.0, 0.0, 0.0, 0.0, 100.0, 0.0, 0.0, 100.0, 0.0, 0.0]
CPU_USER:[0.0, 0.0, 0.0, 0.0, 0.0, 0.0, 0.0, 1.0, 0.0, 0.0]
CPU_SYSTEM:[0.0, 0.0, 0.0, 0.0, 0.0, 0.0, 0.0, 0.0, 0.0, 0.0]
CPU_IDLE:[0.0, 0.0, 0.0, 0.0, 0.0, 0.0, 0.0, 0.0, 0.0, 0.0]
MEMORY:[24.3, 24.3, 24.3, 24.3, 24.3, 24.3, 24.3, 24.3, 24.3, 24.3]
TIME:[0.0009062400058610365, 0.0008863960101734847, 0.0008744169899728149, 0.0008978019905043766, 0.0009738439985085279, 0.0008946769958129153, 0.0009023849997902289, 0.001028529994073324, 0.00088759399659466, 0.0009022300073411316]
message_length:[38, 38, 38, 38, 38, 38, 38, 38, 38, 38]
bytes_sent:[238029635, 238032031, 238034807, 238037027, 238040211, 238042913, 238045133, 238047769, 238050953, 238053655]
start_value_bytes_sent:238027889
