CPU:[0.0, 0.0, 0.0, 0.0, 0.0, 0.0, 0.0, 0.0, 66.7, 0.0, 0.0, 0.0, 0.0, 0.0, 0.0, 0.0, 0.0, 0.0, 0.0, 0.0]
CPU_USER:[1.0, 0.0, 1.0, 0.0, 0.0, 1.0, 0.0, 0.0, 1.0, 0.0, 0.0, 0.0, 0.0, 0.0, 1.0, 1.0, 0.0, 0.0, 0.0, 1.0]
CPU_SYSTEM:[0.0, 0.0, 0.0, 0.0, 0.0, 0.0, 0.0, 0.0, 0.0, 0.0, 0.0, 0.0, 0.0, 0.0, 0.0, 0.0, 0.0, 0.0, 0.0, 0.0]
CPU_IDLE:[1.0, 0.0, 0.0, 0.0, 0.0, 0.0, 0.0, 0.0, 0.0, 0.0, 0.0, 0.0, 0.0, 0.0, 0.0, 0.0, 0.0, 0.0, 0.0, 0.0]
MEMORY:[24.3, 24.3, 24.3, 24.3, 24.3, 24.3, 24.3, 24.3, 24.3, 24.3, 24.3, 24.3, 24.3, 24.3, 24.3, 24.3, 24.3, 24.3, 24.3, 24.3]
TIME:[0.0010378010047134012, 0.0015609719994245097, 0.0015570139948977157, 0.0015259729989338666, 0.0013038399920333177, 0.0009996770095312968, 0.0016363369941245764, 0.0015787330048624426, 0.0017274290003115311, 0.001608316000783816, 0.0018057620036415756, 0.0013505060051102191, 0.0018570109969004989, 0.0014490469911834225, 0.0017446169949835166, 0.0016994600009638816, 0.0013035800075158477, 0.0017487300065113232, 0.0011859239893965423, 0.001766750996466726]
message_length:[38, 38, 38, 38, 38, 38, 38, 38, 38, 38, 224, 224, 224, 224, 224, 224, 224, 224, 224, 224]
bytes_sent:[245055975, 245059843, 245064775, 245068635, 245072263, 245075345, 245079307, 245083869, 245088517, 245093511, 245099205, 245104277, 245110573, 245116221, 245123501, 245128891, 245135135, 245140627, 245146455, 245151931]
start_value_bytes_sent:245054033
