CPU:[0.0, 0.0, 0.0, 0.0, 0.0, 0.0, 0.0, 0.0, 0.0, 0.0, 0.0, 0.0, 0.0, 0.0, 0.0, 0.0, 0.0, 0.0, 0.0]
CPU_USER:[0.0, 0.0, 0.0, 0.0, 0.0, 0.0, 0.0, 0.0, 0.0, 0.0, 0.0, 0.0, 0.0, 0.0, 0.0, 0.0, 1.0, 0.0, 0.0]
CPU_SYSTEM:[0.0, 0.0, 0.0, 0.0, 0.0, 0.0, 0.0, 0.0, 0.0, 0.0, 0.0, 0.0, 0.0, 0.0, 0.0, 0.0, 0.0, 0.0, 0.0]
CPU_IDLE:[0.0, 0.0, 0.0, 0.0, 0.0, 0.0, 1.0, 0.0, 1.0, 0.0, 0.0, 0.0, 0.0, 0.0, 0.0, 0.0, 0.0, 0.0, 0.0]
MEMORY:[75.0, 75.0, 75.0, 75.0, 75.0, 75.0, 75.0, 75.0, 75.0, 75.0, 75.0, 75.0, 75.0, 75.0, 75.0, 75.0, 75.0, 75.0, 75.0]
TIME:[0.00010237199967377819, 9.40610007091891e-05, 9.20530001167208e-05, 9.800000043469481e-05, 8.623699977761135e-05, 9.836599929258227e-05, 0.00018258600175613537, 0.00010677799946279265, 0.00010334200123907067, 0.0001147800030594226, 0.00013124500037520193, 0.00013714599845116027, 0.00012317400251049548, 0.00013490499986801296, 0.00021143499907338992, 0.00014914400162524544, 0.0001635269982216414, 0.00018289400031790137, 0.00016149700240930542]
message_length:[57, 114, 171, 228, 285, 342, 399, 456, 513, 570, 627, 684, 741, 798, 855, 912, 969, 1026, 1083]
bytes_sent:[545391977, 545393248, 545394577, 545395911, 545397361, 545398764, 545400224, 545401741, 545403315, 545404946, 545406738, 545408587, 545410597, 545412456, 545414476, 545416657, 545418791, 545420982, 545423231]
start_value_bytes_sent:545391081
