CPU:[20.0, 27.3, 30.0, 33.3, 33.3, 28.6, 16.7, 37.5, 33.3, 42.9]
CPU_USER:[1.0, 1.0, 1.0, 2.0, 1.0, 1.0, 2.0, 2.0, 2.0, 3.0]
CPU_SYSTEM:[0.0, 0.0, 0.0, 0.0, 0.0, 0.0, 0.0, 0.0, 0.0, 0.0]
CPU_IDLE:[0.0, 0.0, 0.0, 1.0, 0.0, 0.0, 0.0, 0.0, 0.0, 0.0]
MEMORY:[24.1, 24.1, 24.1, 24.1, 24.1, 24.1, 24.1, 24.1, 24.1, 24.1]
TIME:[0.026809224000317045, 0.02692667199880816, 0.023990654008230194, 0.015674790993216448, 0.015879689002758823, 0.01591390700195916, 0.015778490007505752, 0.015897292003501207, 0.015859114995691925, 0.016032240993808955]
bytes_sent:[196522043, 196533053, 196542665, 196547723, 196553525, 196559693, 196565287, 196570913, 196576877, 196582167]
start_value_bytes_sent:196511297
