CPU:[0.0, 0.0, 0.0, 0.0, 0.0, 0.0, 0.0, 0.0, 0.0, 0.0, 100.0, 100.0, 0.0, 50.0, 0.0, 0.0, 0.0, 0.0, 100.0, 0.0, 0.0, 0.0, 0.0, 0.0, 0.0, 66.7, 0.0, 66.7, 0.0, 66.7, 0.0, 0.0, 0.0, 0.0, 0.0, 0.0, 100.0, 50.0, 0.0, 0.0]
CPU_USER:[0.0, 0.0, 0.0, 0.0, 0.0, 0.0, 0.0, 0.0, 0.0, 0.0, 1.0, 1.0, 1.0, 0.0, 0.0, 0.0, 1.0, 1.0, 1.0, 0.0, 0.0, 0.0, 0.0, 0.0, 0.0, 1.0, 0.0, 1.0, 0.0, 0.0, 0.0, 0.0, 0.0, 0.0, 0.0, 0.0, 1.0, 1.0, 0.0, 0.0]
CPU_SYSTEM:[0.0, 0.0, 0.0, 0.0, 0.0, 0.0, 0.0, 0.0, 0.0, 0.0, 0.0, 0.0, 0.0, 0.0, 0.0, 0.0, 0.0, 0.0, 0.0, 0.0, 0.0, 0.0, 0.0, 0.0, 0.0, 0.0, 0.0, 0.0, 0.0, 0.0, 0.0, 0.0, 0.0, 0.0, 0.0, 0.0, 0.0, 0.0, 0.0, 0.0]
CPU_IDLE:[0.0, 1.0, 0.0, 1.0, 0.0, 0.0, 0.0, 0.0, 0.0, 0.0, 0.0, 0.0, 0.0, 0.0, 0.0, 0.0, 1.0, 0.0, 0.0, 0.0, 0.0, 0.0, 0.0, 0.0, 1.0, 0.0, 0.0, 0.0, 0.0, 0.0, 0.0, 0.0, 1.0, 0.0, 0.0, 0.0, 0.0, 0.0, 1.0, 0.0]
MEMORY:[24.2, 24.2, 24.2, 24.2, 24.2, 24.2, 24.2, 24.2, 24.2, 24.2, 24.2, 24.2, 24.2, 24.2, 24.2, 24.2, 24.2, 24.2, 24.2, 24.2, 24.2, 24.2, 24.2, 24.2, 24.2, 24.2, 24.2, 24.2, 24.2, 24.2, 24.2, 24.2, 24.2, 24.2, 24.2, 24.2, 24.2, 24.2, 24.2, 24.2]
TIME:[0.0010021400084951892, 0.0008946910093072802, 0.000892921001650393, 0.0008936490048654377, 0.0008903169946279377, 0.0009078160073840991, 0.0008899520034901798, 0.0008935460064094514, 0.0008900039974832907, 0.001005680998787284, 0.0021196439920458943, 0.0020084980060346425, 0.001651726008276455, 0.0016543820092920214, 0.0016296949906973168, 0.0016528190026292577, 0.0016543820092920214, 0.0016926630050875247, 0.0017689660016912967, 0.0016537560004508123, 0.0016237039963016286, 0.0010879740002565086, 0.0017645910120336339, 0.001809852008591406, 0.0017420379881514236, 0.0018277680064784363, 0.0013809949887217954, 0.001533547998405993, 0.0017275069985771552, 0.0018397469975752756, 0.0020161019929219037, 0.0019625599961727858, 0.0019733420049306005, 0.00196959100139793, 0.002030164992902428, 0.0018844349979190156, 0.0021289669966790825, 0.0020230299996910617, 0.0018756850040517747, 0.0018591219995869324]
bytes_sent:[213876657, 213879617, 213882801, 213885021, 213887723, 213890841, 213893543, 213896245, 213898363, 213900995, 213905053, 213910687, 213917363, 213922337, 213928213, 213934967, 213939925, 213946161, 213951763, 213957865, 213965781, 213970645, 213978639, 213985955, 213993733, 214001613, 214008701, 214016021, 214025019, 214031311, 214042353, 214051693, 214060915, 214072097, 214082087, 214091893, 214101883, 214111595, 214120985, 214130097]
start_value_bytes_sent:213874827
