CPU_UTIL:[0.0, 0.0, 0.0, 0.0, 0.0, 0.0, 0.0, 0.0, 0.0, 0.0]
CPU_USER:[0.0, 0.7, 0.0, 0.9, 1.0, 1.0, 0.0, 1.0, 1.0, 1.0]
CPU_SYSTEM:[0.0, 0.0, 0.0, 0.0, 0.0, 0.0, 0.0, 0.0, 0.0, 0.0]
CPU_IDLE:[1.0, 1.0, 0.0, 1.0, 0.0, 1.0, 1.0, 1.0, 1.0, 0.0]
time_stamp:[11179852.685061324, 11179852.805435278, 11179852.885312837, 11179852.980525218, 11179853.065380296, 11179853.145213263, 11179853.225359572, 11179853.30519261, 11179853.385473132, 11179853.46520222]
MEMORY:[2.2, 2.2, 2.2, 2.2, 2.2, 2.2, 2.2, 2.2, 2.2, 2.2]
TIMES:[0.0473899282515049, 0.008404385298490524, 0.000828353688120842, 0.0008324999362230301, 0.0008321329951286316, 0.0008321888744831085, 0.0008332394063472748, 0.0008833445608615875, 0.000829821452498436, 0.007738599553704262]
read_count:[1000296, 15560598, 139161984512, 2296926114304, 6273308, 524285000, 1000296, 15560598, 139161984512, 2296926114304, 6273308, 524285000, 1000296, 15560599, 139161984512, 2296926118400, 6273308, 524285000, 1000296, 15560600, 139161984512, 2296926122496, 6273308, 524285000, 1000296, 15560601, 139161984512, 2296926126592, 6273308, 524285000, 1000296, 15560602, 139161984512, 2296926130688, 6273308, 524285000, 1000296, 15560603, 139161984512, 2296926134784, 6273308, 524285000, 1000296, 15560604, 139161984512, 2296926138880, 6273308, 524285000, 1000296, 15560605, 139161984512, 2296926142976, 6273308, 524285000, 1000296, 15560606, 139161984512, 2296926147072, 6273308, 524285000]
write_counter:[]
read_bytes:[]
write_bytes:[]
read_time:[]
write_time:[]
bytes_recv:[210138832015, 210138847937, 210138856739, 210138881179, 210138897101, 210138911599, 210138926097, 210138939171, 210138955093, 210138969443]
packets_recv:[2515485371, 2515485387, 2515485398, 2515485422, 2515485437, 2515485452, 2515485467, 2515485482, 2515485497, 2515485510]
