CPU_UTIL:[0.0, 0.0, 33.3, 0.0, 0.0, 12.5, 0.0, 0.0, 25.0, 0.0]
CPU_USER:[1.2, 1.0, 3.0, 1.0, 1.0, 3.0, 2.0, 1.0, 2.0, 2.0]
CPU_SYSTEM:[0.0, 0.0, 0.0, 0.0, 0.0, 0.0, 0.0, 0.0, 0.0, 0.0]
CPU_IDLE:[0.0, 1.0, 1.0, 1.0, 0.0, 0.0, 1.0, 0.0, 0.0, 0.0]
message_length:[[1448, 2896, 2896, 1448, 1448, 4703, 1448, 1448, 1448, 1448], [1448, 2896, 2896, 1448, 1448, 4703, 1448, 1448, 1448, 1448], [1448, 2896, 2896, 1448, 1448, 4703, 1448, 1448, 1448, 1448], [1448, 2896, 2896, 1448, 1448, 4703, 1448, 1448, 1448, 1448], [1448, 2896, 2896, 1448, 1448, 4703, 1448, 1448, 1448, 1448], [1448, 2896, 2896, 1448, 1448, 4703, 1448, 1448, 1448, 1448], [1448, 2896, 2896, 1448, 1448, 4703, 1448, 1448, 1448, 1448], [1448, 2896, 2896, 1448, 1448, 4703, 1448, 1448, 1448, 1448], [1448, 2896, 2896, 1448, 1448, 4703, 1448, 1448, 1448, 1448], [1448, 2896, 2896, 1448, 1448, 4703, 1448, 1448, 1448, 1448]]
time_stamp:[798.031436124, 798.077776874, 798.141038627, 798.191693826, 798.229528111, 798.272277117, 798.305743622, 798.342311081, 798.384143959, 798.425205264]
MEMORY:[31.1, 31.1, 31.1, 31.1, 31.1, 31.1, 31.1, 31.1, 31.1, 31.1]
TIMES:[0.013663068000028034, 0.006929133999960868, 0.004677630000060162, 0.006130337999934454, 0.007075981000070897, 0.010434590999921056, 0.007455297999968025, 0.005178326000077504, 0.008058310000023994, 0.009119997000084368]
read_bytes:[1645594624, 1645594624, 1645594624, 1645594624, 1645594624, 1645594624, 1645594624, 1645594624, 1645594624, 1645594624]
write_bytes:[222069760, 222114816, 222151680, 222192640, 222229504, 222270464, 222307328, 222344192, 222381056, 222417920]
read_time:[32540, 32540, 32540, 32540, 32540, 32540, 32540, 32540, 32540, 32540]
write_time:[9880, 9884, 9888, 9892, 9896, 9896, 9900, 9904, 9908, 9912]
bytes_recv:[17877678, 17920990, 17973906, 18023492, 18060998, 18104590, 18142076, 18173512, 18232244, 18277292]
start_value_disk:222041088
start_value_bytes_rec:17848830
