CPU_UTIL:[2.5, 0.0, 16.7, 0.0, 0.0, 0.0, 7.7, 0.0, 16.7, 20.0]
CPU_USER:[0.0, 0.0, 1.0, 1.0, 1.0, 1.0, 0.9, 0.0, 1.0, 0.8]
CPU_SYSTEM:[0.0, 0.0, 0.0, 0.0, 0.0, 0.0, 0.0, 0.0, 0.0, 0.0]
CPU_IDLE:[0.0, 1.0, 0.0, 0.0, 0.0, 0.0, 1.0, 1.0, 0.0, 1.0]
message_length:[[1307, 1307, 1307, 1307, 1307, 1307, 1307, 1307, 1307, 1307], [1307, 1307, 1307, 1307, 1307, 1307, 1307, 1307, 1307, 1307], [1307, 1307, 1307, 1307, 1307, 1307, 1307, 1307, 1307, 1307], [1307, 1307, 1307, 1307, 1307, 1307, 1307, 1307, 1307, 1307], [1307, 1307, 1307, 1307, 1307, 1307, 1307, 1307, 1307, 1307], [1307, 1307, 1307, 1307, 1307, 1307, 1307, 1307, 1307, 1307], [1307, 1307, 1307, 1307, 1307, 1307, 1307, 1307, 1307, 1307], [1307, 1307, 1307, 1307, 1307, 1307, 1307, 1307, 1307, 1307], [1307, 1307, 1307, 1307, 1307, 1307, 1307, 1307, 1307, 1307], [1307, 1307, 1307, 1307, 1307, 1307, 1307, 1307, 1307, 1307]]
time_stamp:[11181893.889697153, 11181893.968035286, 11181894.049546013, 11181894.128741723, 11181894.20868769, 11181894.288603503, 11181894.382974133, 11181894.469955835, 11181894.5492644, 11181894.648555117]
MEMORY:[2.2, 2.2, 2.2, 2.2, 2.2, 2.2, 2.2, 2.2, 2.2, 2.2]
TIMES:[0.032723626121878624, 0.011102018877863884, 0.004810268059372902, 0.004396107047796249, 0.004438864067196846, 0.004379475489258766, 0.01031387411057949, 0.005285102874040604, 0.0046392884105443954, 0.00430704839527607]
read_count:[1004316, 15565307, 139185694208, 2297099530752, 6280104, 524346092, 1004316, 15565307, 139185694208, 2297099530752, 6280104, 524346092, 1004316, 15565308, 139185694208, 2297099534848, 6280104, 524346092, 1004316, 15565309, 139185694208, 2297099538944, 6280104, 524346092, 1004316, 15565310, 139185694208, 2297099543040, 6280104, 524346096, 1004316, 15565311, 139185694208, 2297099547136, 6280104, 524346096, 1004316, 15565312, 139185694208, 2297099551232, 6280104, 524346096, 1004316, 15565313, 139185694208, 2297099555328, 6280104, 524346096, 1004316, 15565314, 139185694208, 2297099559424, 6280104, 524346096, 1004316, 15565315, 139185694208, 2297099563520, 6280104, 524346096]
write_counter:[]
read_bytes:[]
write_bytes:[]
read_time:[]
write_time:[]
bytes_recv:[210162766257, 210162781318, 210162795976, 210162810494, 210162825554, 210162833518, 210162854800, 210162866470, 210162880264, 210162898550]
