CPU_UTIL:[1.3, 0.0, 0.0, 9.1, 0.0, 0.0, 10.0, 0.0, 10.0, 0.0]
CPU_USER:[0.0, 0.0, 0.0, 1.4, 0.0, 1.0, 1.0, 0.0, 1.0, 0.9]
CPU_SYSTEM:[0.0, 0.0, 0.0, 0.0, 0.0, 0.0, 0.0, 0.0, 0.0, 0.0]
CPU_IDLE:[1.0, 0.0, 1.0, 0.0, 0.0, 0.0, 0.0, 1.0, 0.0, 1.0]
time_stamp:[11179425.008748727, 11179425.025041923, 11179425.125562215, 11179425.244534556, 11179425.325298255, 11179425.404762505, 11179425.484657127, 11179425.564601075, 11179425.652611379, 11179425.744671345]
MEMORY:[2.2, 2.2, 2.2, 2.2, 2.2, 2.2, 2.2, 2.2, 2.2, 2.2]
TIMES:[0.0647966954857111, 0.0022148769348859787, 0.008566644042730331, 0.007464313879609108, 0.008076133206486702, 0.007281413301825523, 0.007347995415329933, 0.007306218147277832, 0.007300741970539093, 0.02760988473892212]
read_count:[1000294, 15560220, 139161976320, 2296922190336, 6273264, 524283912, 1000294, 15560221, 139161976320, 2296922194432, 6273264, 524283912, 1000294, 15560223, 139161976320, 2296922202624, 6273264, 524283912, 1000294, 15560225, 139161976320, 2296922210816, 6273264, 524283912, 1000294, 15560227, 139161976320, 2296922219008, 6273264, 524283912, 1000294, 15560229, 139161976320, 2296922227200, 6273264, 524283912, 1000294, 15560231, 139161976320, 2296922235392, 6273264, 524283912, 1000294, 15560233, 139161976320, 2296922243584, 6273264, 524283912, 1000294, 15560235, 139161976320, 2296922251776, 6273264, 524283912, 1000294, 15560237, 139161976320, 2296922259968, 6273264, 524283912]
write_counter:[]
read_bytes:[]
write_bytes:[]
read_time:[]
write_time:[]
bytes_recv:[210136014881, 210136027841, 210136047669, 210136065693, 210136079761, 210136093829, 210136107897, 210136121965, 210136136033, 210136150087]
packets_recv:[2515480531, 2515480542, 2515480560, 2515480577, 2515480590, 2515480603, 2515480616, 2515480629, 2515480642, 2515480655]
