CPU_UTIL:[0.0, 0.0, 0.0, 0.0, 0.0, 2.0, 0.0, 0.0, 0.0, 0.0]
CPU_USER:[0.0, 1.0, 0.0, 0.0, 0.0, 0.9, 1.0, 1.0, 0.0, 0.0]
CPU_SYSTEM:[0.0, 0.0, 0.0, 0.0, 0.0, 0.0, 0.0, 0.0, 0.0, 0.0]
CPU_IDLE:[0.0, 0.0, 1.0, 0.0, 1.0, 0.0, 0.0, 1.0, 0.0, 1.0]
message_length:[[3581, 3581, 3581, 3581, 3581, 3581, 3581, 3581, 3581, 3581], [3581, 3581, 3581, 3581, 3581, 3581, 3581, 3581, 3581, 3581], [3581, 3581, 3581, 3581, 3581, 3581, 3581, 3581, 3581, 3581], [3581, 3581, 3581, 3581, 3581, 3581, 3581, 3581, 3581, 3581], [3581, 3581, 3581, 3581, 3581, 3581, 3581, 3581, 3581, 3581], [3581, 3581, 3581, 3581, 3581, 3581, 3581, 3581, 3581, 3581], [3581, 3581, 3581, 3581, 3581, 3581, 3581, 3581, 3581, 3581], [3581, 3581, 3581, 3581, 3581, 3581, 3581, 3581, 3581, 3581], [3581, 3581, 3581, 3581, 3581, 3581, 3581, 3581, 3581, 3581], [3581, 3581, 3581, 3581, 3581, 3581, 3581, 3581, 3581, 3581]]
time_stamp:[11182084.152070573, 11182084.185297187, 11182084.252229445, 11182084.334970592, 11182084.417383688, 11182084.508641524, 11182084.576297289, 11182084.659063574, 11182084.74348389, 11182084.842279935]
MEMORY:[2.2, 2.2, 2.2, 2.2, 2.2, 2.2, 2.2, 2.2, 2.2, 2.2]
TIMES:[0.07483076304197311, 0.027467871084809303, 0.035097869113087654, 0.037629639729857445, 0.031519604846835136, 0.04095400124788284, 0.03173669055104256, 0.034331727772951126, 0.027791544795036316, 0.0366671197116375]
read_count:[1004316, 15565472, 139185694208, 2297100894720, 6280104, 524347584, 1004316, 15565475, 139185694208, 2297100939776, 6280104, 524347612, 1004316, 15565479, 139185694208, 2297100976640, 6280104, 524347640, 1004316, 15565483, 139185694208, 2297101013504, 6280104, 524347672, 1004316, 15565487, 139185694208, 2297101050368, 6280104, 524347704, 1004316, 15565491, 139185694208, 2297101087232, 6280104, 524347732, 1004316, 15565495, 139185694208, 2297101124096, 6280104, 524347764, 1004316, 15565499, 139185694208, 2297101160960, 6280104, 524347796, 1004316, 15565503, 139185694208, 2297101197824, 6280104, 524347820, 1004316, 15565507, 139185694208, 2297101234688, 6280104, 524347844]
write_counter:[]
read_bytes:[]
write_bytes:[]
read_time:[]
write_time:[]
bytes_recv:[210164286749, 210164292445, 210164309231, 210164322981, 210164358091, 210164383233, 210164399831, 210164416429, 210164451603, 210164470971]
