CPU_UTIL:[0.0, 0.0, 0.0, 10.0, 0.0, 0.0, 0.0, 0.0, 0.0, 10.0]
CPU_USER:[0.0, 0.0, 0.0, 0.9, 0.0, 1.0, 0.0, 1.0, 0.0, 0.9]
CPU_SYSTEM:[0.0, 0.0, 0.0, 0.0, 0.0, 0.0, 0.0, 0.0, 0.0, 0.0]
CPU_IDLE:[1.0, 0.0, 1.0, 0.0, 1.0, 0.0, 1.0, 1.0, 0.0, 1.0]
time_stamp:[11179473.745852225, 11179473.785077294, 11179473.872848796, 11179473.964643275, 11179474.045462891, 11179474.1335667, 11179474.221769666, 11179474.306736097, 11179474.385624535, 11179474.484378971]
MEMORY:[2.2, 2.2, 2.2, 2.2, 2.2, 2.2, 2.2, 2.2, 2.2, 2.2]
TIMES:[0.04874842241406441, 0.008272375911474228, 0.0073793791234493256, 0.0074919722974300385, 0.007815204560756683, 0.00802372582256794, 0.024720733985304832, 0.009550552815198898, 0.008396267890930176, 0.007150333374738693]
read_count:[1000294, 15560260, 139161976320, 2296922415616, 6273264, 524283992, 1000294, 15560261, 139161976320, 2296922419712, 6273264, 524283992, 1000294, 15560263, 139161976320, 2296922427904, 6273264, 524283996, 1000294, 15560265, 139161976320, 2296922436096, 6273264, 524283996, 1000294, 15560267, 139161976320, 2296922444288, 6273264, 524283996, 1000294, 15560269, 139161976320, 2296922452480, 6273264, 524283996, 1000294, 15560271, 139161976320, 2296922460672, 6273264, 524283996, 1000294, 15560273, 139161976320, 2296922468864, 6273264, 524283996, 1000294, 15560275, 139161976320, 2296922477056, 6273264, 524283996, 1000294, 15560277, 139161976320, 2296922485248, 6273264, 524284000]
write_counter:[]
read_bytes:[]
write_bytes:[]
read_time:[]
write_time:[]
bytes_recv:[210136344712, 210136351976, 210136361060, 210136379084, 210136389592, 210136400100, 210136408788, 210136415024, 210136425915, 210136442437]
packets_recv:[2515481131, 2515481138, 2515481148, 2515481166, 2515481177, 2515481188, 2515481198, 2515481204, 2515481216, 2515481232]
