CPU_UTIL:[0.0, 0.0, 0.0, 0.0, 0.0, 0.0, 9.1, 0.0, 0.0, 0.0]
CPU_USER:[0.0, 0.0, 1.0, 0.0, 0.9, 1.0, 0.0, 1.0, 1.0, 0.0]
CPU_SYSTEM:[0.0, 0.0, 0.0, 0.0, 0.0, 0.0, 0.0, 0.0, 0.0, 0.0]
CPU_IDLE:[1.0, 0.0, 1.0, 0.0, 0.0, 0.0, 1.0, 1.0, 1.0, 1.0]
message_length:[[1340, 1340, 1340, 1340, 1340, 1340, 1340, 1340, 1340, 1340], [1340, 1340, 1340, 1340, 1340, 1340, 1340, 1340, 1340, 1340], [1340, 1340, 1340, 1340, 1340, 1340, 1340, 1340, 1340, 1340], [1340, 1340, 1340, 1340, 1340, 1340, 1340, 1340, 1340, 1340], [1340, 1340, 1340, 1340, 1340, 1340, 1340, 1340, 1340, 1340], [1340, 1340, 1340, 1340, 1340, 1340, 1340, 1340, 1340, 1340], [1340, 1340, 1340, 1340, 1340, 1340, 1340, 1340, 1340, 1340], [1340, 1340, 1340, 1340, 1340, 1340, 1340, 1340, 1340, 1340], [1340, 1340, 1340, 1340, 1340, 1340, 1340, 1340, 1340, 1340], [1340, 1340, 1340, 1340, 1340, 1340, 1340, 1340, 1340, 1340]]
time_stamp:[11182000.14510265, 11182000.304875024, 11182000.38546355, 11182000.473380432, 11182000.565601533, 11182000.64597796, 11182000.725625329, 11182000.80481094, 11182000.885575842, 11182000.96572392]
MEMORY:[2.2, 2.2, 2.2, 2.2, 2.2, 2.2, 2.2, 2.2, 2.2, 2.2]
TIMES:[0.027519911527633667, 0.007320484146475792, 0.000870000571012497, 0.0007841568440198898, 0.008178263902664185, 0.008526602759957314, 0.008361686021089554, 0.007376417517662048, 0.008203178644180298, 0.00816478580236435]
read_count:[1004316, 15565347, 139185694208, 2297099756032, 6280104, 524346188, 1004316, 15565347, 139185694208, 2297099756032, 6280104, 524346188, 1004316, 15565348, 139185694208, 2297099760128, 6280104, 524346188, 1004316, 15565349, 139185694208, 2297099764224, 6280104, 524346188, 1004316, 15565350, 139185694208, 2297099768320, 6280104, 524346188, 1004316, 15565351, 139185694208, 2297099772416, 6280104, 524346188, 1004316, 15565352, 139185694208, 2297099776512, 6280104, 524346188, 1004316, 15565353, 139185694208, 2297099780608, 6280104, 524346188, 1004316, 15565354, 139185694208, 2297099784704, 6280104, 524346188, 1004316, 15565355, 139185694208, 2297099788800, 6280104, 524346188]
write_counter:[]
read_bytes:[]
write_bytes:[]
read_time:[]
write_time:[]
bytes_recv:[210163126810, 210163139884, 210163157230, 210163176000, 210163196168, 210163210666, 210163225164, 210163239662, 210163254160, 210163268510]
