CPU_UTIL:[0.0, 0.0, 0.0, 0.0, 0.0, 2.8, 0.0, 0.0, 0.0, 0.0]
CPU_USER:[0.0, 1.0, 0.0, 0.0, 1.0, 1.0, 1.0, 0.0, 1.0, 0.0]
CPU_SYSTEM:[0.0, 0.0, 0.0, 0.0, 0.0, 0.0, 0.0, 0.0, 0.0, 0.0]
CPU_IDLE:[0.0, 0.0, 0.0, 0.0, 1.0, 1.0, 1.0, 0.0, 0.0, 0.0]
message_length:[[1083, 1083, 1083, 1083, 1083, 1083, 1083, 1083, 1083, 1083], [1083, 1083, 1083, 1083, 1083, 1083, 1083, 1083, 1083, 1083], [1083, 1083, 1083, 1083, 1083, 1083, 1083, 1083, 1083, 1083], [1083, 1083, 1083, 1083, 1083, 1083, 1083, 1083, 1083, 1083], [1083, 1083, 1083, 1083, 1083, 1083, 1083, 1083, 1083, 1083], [1083, 1083, 1083, 1083, 1083, 1083, 1083, 1083, 1083, 1083], [1083, 1083, 1083, 1083, 1083, 1083, 1083, 1083, 1083, 1083], [1083, 1083, 1083, 1083, 1083, 1083, 1083, 1083, 1083, 1083], [1083, 1083, 1083, 1083, 1083, 1083, 1083, 1083, 1083, 1083], [1083, 1083, 1083, 1083, 1083, 1083, 1083, 1083, 1083, 1083]]
time_stamp:[11181721.673582416, 11181721.73148374, 11181721.80643135, 11181721.897487992, 11181721.97217688, 11181722.04665094, 11181722.12940628, 11181722.212232418, 11181722.286730673, 11181722.36956309]
MEMORY:[2.2, 2.2, 2.2, 2.2, 2.2, 2.2, 2.2, 2.2, 2.2, 2.2]
TIMES:[0.05652233213186264, 0.03485908918082714, 0.028987258672714233, 0.04006684571504593, 0.03474842943251133, 0.02935532107949257, 0.031921545043587685, 0.03491510450839996, 0.029309870675206184, 0.032109640538692474]
read_count:[1004316, 15565020, 139185694208, 2297097249280, 6280104, 524344544, 1004316, 15565023, 139185694208, 2297097294336, 6280104, 524344568, 1004316, 15565027, 139185694208, 2297097331200, 6280104, 524344588, 1004316, 15565031, 139185694208, 2297097368064, 6280104, 524344620, 1004316, 15565035, 139185694208, 2297097404928, 6280104, 524344644, 1004316, 15565039, 139185694208, 2297097441792, 6280104, 524344668, 1004316, 15565043, 139185694208, 2297097478656, 6280104, 524344692, 1004316, 15565047, 139185694208, 2297097515520, 6280104, 524344720, 1004316, 15565051, 139185694208, 2297097552384, 6280104, 524344744, 1004316, 15565055, 139185694208, 2297097589248, 6280104, 524344768]
write_counter:[]
read_bytes:[]
write_bytes:[]
read_time:[]
write_time:[]
bytes_recv:[210161283590, 210161295308, 210161308682, 210161320400, 210161332118, 210161343836, 210161355554, 210161367272, 210161378990, 210161390630]
