CPU_UTIL:[1.6, 0.0, 0.0, 0.0, 0.0, 0.0, 0.0, 0.0, 5.6, 6.3]
CPU_USER:[0.0, 0.0, 0.0, 1.0, 0.0, 1.0, 1.0, 0.0, 1.0, 1.0]
CPU_SYSTEM:[0.0, 0.0, 0.0, 0.0, 0.0, 0.0, 0.0, 0.0, 0.0, 0.0]
CPU_IDLE:[0.0, 1.0, 1.0, 0.0, 0.0, 1.0, 1.0, 0.0, 0.0, 0.0]
message_length:[[1203, 1203, 1203, 1203, 1203, 1203, 1203, 1203, 1203, 1203], [1203, 1203, 1203, 1203, 1203, 1203, 1203, 1203, 1203, 1203], [1203, 1203, 1203, 1203, 1203, 1203, 1203, 1203, 1203, 1203], [1203, 1203, 1203, 1203, 1203, 1203, 1203, 1203, 1203, 1203], [1203, 1203, 1203, 1203, 1203, 1203, 1203, 1203, 1203, 1203], [1203, 1203, 1203, 1203, 1203, 1203, 1203, 1203, 1203, 1203], [1203, 1203, 1203, 1203, 1203, 1203, 1203, 1203, 1203, 1203], [1203, 1203, 1203, 1203, 1203, 1203, 1203, 1203, 1203, 1203], [1203, 1203, 1203, 1203, 1203, 1203, 1203, 1203, 1203, 1203], [1203, 1203, 1203, 1203, 1203, 1203, 1203, 1203, 1203, 1203]]
time_stamp:[11181878.689852959, 11181878.76599908, 11181878.871788708, 11181878.95037444, 11181879.050916718, 11181879.13094018, 11181879.21092276, 11181879.31077376, 11181879.391541723, 11181879.470432155]
MEMORY:[2.2, 2.2, 2.2, 2.2, 2.2, 2.2, 2.2, 2.2, 2.2, 2.2]
TIMES:[0.052876632660627365, 0.009004151448607445, 0.014307666569948196, 0.0127656739205122, 0.013502970337867737, 0.013080347329378128, 0.01351030170917511, 0.013552214950323105, 0.014028416946530342, 0.0129350945353508]
read_count:[1004316, 15565287, 139185694208, 2297099416064, 6280104, 524346048, 1004316, 15565288, 139185694208, 2297099420160, 6280104, 524346048, 1004316, 15565290, 139185694208, 2297099428352, 6280104, 524346048, 1004316, 15565292, 139185694208, 2297099436544, 6280104, 524346048, 1004316, 15565294, 139185694208, 2297099444736, 6280104, 524346048, 1004316, 15565296, 139185694208, 2297099452928, 6280104, 524346048, 1004316, 15565298, 139185694208, 2297099461120, 6280104, 524346048, 1004316, 15565300, 139185694208, 2297099469312, 6280104, 524346048, 1004316, 15565302, 139185694208, 2297099477504, 6280104, 524346048, 1004316, 15565304, 139185694208, 2297099485696, 6280104, 524346048]
write_counter:[]
read_bytes:[]
write_bytes:[]
read_time:[]
write_time:[]
bytes_recv:[210162589858, 210162594274, 210162615694, 210162618686, 210162641530, 210162654512, 210162664624, 210162680348, 210162693266, 210162706106]
