CPU_UTIL:[0.0, 0.0, 0.0, 0.0, 0.0, 0.0, 0.0, 0.0, 0.0, 0.0]
CPU_USER:[0.0, 0.0, 0.0, 0.0, 0.0, 0.0, 0.0, 0.3, 0.0, 0.3]
CPU_SYSTEM:[0.0, 0.0, 0.0, 0.0, 0.0, 0.0, 0.0, 0.0, 0.0, 0.0]
CPU_IDLE:[1.0, 1.0, 0.0, 0.0, 0.0, 1.0, 1.0, 0.0, 0.0, 1.0]
time_stamp:[11179978.746562203, 11179978.985721108, 11179979.22580548, 11179979.485034425, 11179979.706403729, 11179979.945104439, 11179980.19304389, 11179980.432545047, 11179980.6730933, 11179980.925287211]
MEMORY:[2.2, 2.2, 2.2, 2.2, 2.2, 2.2, 2.2, 2.2, 2.2, 2.2]
TIMES:[0.08955744095146656, 0.007934775203466415, 0.008383804932236671, 0.019817806780338287, 0.009086605161428452, 0.007452553138136864, 0.007498584687709808, 0.0072709862142801285, 0.007774392142891884, 0.02754051238298416]
read_count:[1000296, 15560722, 139161984512, 2296926835200, 6273308, 524285304, 1000296, 15560723, 139161984512, 2296926839296, 6273308, 524285304, 1000296, 15560725, 139161984512, 2296926847488, 6273308, 524285304, 1000296, 15560727, 139161984512, 2296926855680, 6273308, 524285304, 1000296, 15560729, 139161984512, 2296926863872, 6273308, 524285304, 1000296, 15560731, 139161984512, 2296926872064, 6273308, 524285308, 1000296, 15560733, 139161984512, 2296926880256, 6273308, 524285308, 1000296, 15560735, 139161984512, 2296926888448, 6273308, 524285308, 1000296, 15560737, 139161984512, 2296926896640, 6273308, 524285308, 1000296, 15560739, 139161984512, 2296926904832, 6273308, 524285308]
write_counter:[]
read_bytes:[]
write_bytes:[]
read_time:[]
write_time:[]
bytes_recv:[210140830341, 210140876193, 210140917709, 210140967769, 210141012133, 210141059409, 210141103773, 210141144618, 210141199014, 210141242024]
packets_recv:[2515487738, 2515487773, 2515487805, 2515487843, 2515487877, 2515487915, 2515487948, 2515487982, 2515488024, 2515488058]
