CPU_UTIL:[0.0, 16.7, 0.0, 0.0, 0.0, 0.0, 0.0, 0.0, 0.0, 0.0]
CPU_USER:[0.0, 0.9, 0.0, 1.0, 1.0, 0.0, 1.0, 1.0, 0.0, 0.0]
CPU_SYSTEM:[0.0, 0.0, 0.0, 0.0, 0.0, 0.0, 0.0, 0.0, 0.0, 0.0]
CPU_IDLE:[1.0, 0.0, 0.0, 0.0, 0.0, 1.0, 1.0, 1.0, 1.0, 1.0]
time_stamp:[11179575.284998072, 11179575.379959188, 11179575.481081156, 11179575.565660562, 11179575.645613924, 11179575.725482464, 11179575.806365509, 11179575.885725392, 11179576.025473615, 11179576.105990792]
MEMORY:[2.2, 2.2, 2.2, 2.2, 2.2, 2.2, 2.2, 2.2, 2.2, 2.2]
TIMES:[0.047734009101986885, 0.007880698889493942, 0.01565699651837349, 0.0013019293546676636, 0.0010706894099712372, 0.001176564022898674, 0.008791245520114899, 0.008212948217988014, 0.00778491236269474, 0.008489761501550674]
read_count:[1000294, 15560361, 139161976320, 2296922984960, 6273264, 524284220, 1000294, 15560361, 139161976320, 2296922984960, 6273264, 524284220, 1000294, 15560362, 139161976320, 2296922989056, 6273264, 524284220, 1000294, 15560363, 139161976320, 2296922993152, 6273264, 524284220, 1000294, 15560364, 139161976320, 2296922997248, 6273264, 524284220, 1000294, 15560365, 139161976320, 2296923001344, 6273264, 524284220, 1000294, 15560366, 139161976320, 2296923005440, 6273264, 524284220, 1000294, 15560367, 139161976320, 2296923009536, 6273264, 524284220, 1000294, 15560368, 139161976320, 2296923013632, 6273264, 524284220, 1000294, 15560369, 139161976320, 2296923017728, 6273264, 524284220]
write_counter:[]
read_bytes:[]
write_bytes:[]
read_time:[]
write_time:[]
bytes_recv:[210136901703, 210136904829, 210136913347, 210136917745, 210136924927, 210136930685, 210136936443, 210136942123, 210136947959, 210136953639]
packets_recv:[2515482341, 2515482347, 2515482359, 2515482367, 2515482376, 2515482384, 2515482392, 2515482399, 2515482408, 2515482415]
