CPU_UTIL:[0.0, 0.0, 0.0, 0.0, 0.0, 0.0, 6.7, 0.0, 0.0, 0.0]
CPU_USER:[0.0, 0.0, 0.9, 0.0, 1.0, 0.0, 1.0, 0.9, 0.9, 0.0]
CPU_SYSTEM:[0.0, 0.0, 0.0, 0.0, 0.0, 0.0, 0.0, 0.0, 0.0, 0.0]
CPU_IDLE:[0.0, 1.0, 1.0, 1.0, 1.0, 1.0, 1.0, 0.0, 0.0, 1.0]
message_length:[[3581, 3581, 3581, 3581, 3581, 3581, 3581, 3581, 3581, 3581], [3581, 3581, 3581, 3581, 3581, 3581, 3581, 3581, 3581, 3581], [3581, 3581, 3581, 3581, 3581, 3581, 3581, 3581, 3581, 3581], [3581, 3581, 3581, 3581, 3581, 3581, 3581, 3581, 3581, 3581], [3581, 3581, 3581, 3581, 3581, 3581, 3581, 3581, 3581, 3581], [3581, 3581, 3581, 3581, 3581, 3581, 3581, 3581, 3581, 3581], [3581, 3581, 3581, 3581, 3581, 3581, 3581, 3581, 3581, 3581], [3581, 3581, 3581, 3581, 3581, 3581, 3581, 3581, 3581, 3581], [3581, 3581, 3581, 3581, 3581, 3581, 3581, 3581, 3581, 3581], [3581, 3581, 3581, 3581, 3581, 3581, 3581, 3581, 3581, 3581]]
time_stamp:[11182067.94553868, 11182068.069344863, 11182068.160968477, 11182068.240488568, 11182068.30605038, 11182068.390965104, 11182068.479079552, 11182068.573879533, 11182068.67083509, 11182068.746589223]
MEMORY:[2.2, 2.2, 2.2, 2.2, 2.2, 2.2, 2.2, 2.2, 2.2, 2.2]
TIMES:[0.028095941990613937, 0.0007952526211738586, 0.012152161449193954, 0.015092462301254272, 0.008616043254733086, 0.007108323276042938, 0.011167431250214577, 0.025312159210443497, 0.025325065478682518, 0.009099636226892471]
read_count:[1004316, 15565452, 139185694208, 2297100710400, 6280104, 524346952, 1004316, 15565452, 139185694208, 2297100710400, 6280104, 524346952, 1004316, 15565453, 139185694208, 2297100714496, 6280104, 524346952, 1004316, 15565454, 139185694208, 2297100718592, 6280104, 524346952, 1004316, 15565455, 139185694208, 2297100722688, 6280104, 524346952, 1004316, 15565456, 139185694208, 2297100726784, 6280104, 524346952, 1004316, 15565457, 139185694208, 2297100730880, 6280104, 524346952, 1004316, 15565461, 139185694208, 2297100792320, 6280104, 524346996, 1004316, 15565462, 139185694208, 2297100796416, 6280104, 524346996, 1004316, 15565463, 139185694208, 2297100800512, 6280104, 524346996]
write_counter:[]
read_bytes:[]
write_bytes:[]
read_time:[]
write_time:[]
bytes_recv:[210164001938, 210164042250, 210164073940, 210164088402, 210164103856, 210164127212, 210164151070, 210164176352, 210164193020, 210164200284]
