CPU_UTIL:[0.0, 0.0, 0.0, 0.0, 0.0, 0.0, 0.0, 0.0, 0.0, 0.0]
CPU_USER:[1.9, 0.0, 1.0, 0.0, 1.0, 0.0, 1.0, 1.0, 1.0, 1.0]
CPU_SYSTEM:[0.0, 0.0, 0.0, 0.0, 0.0, 0.0, 0.0, 0.0, 0.0, 0.0]
CPU_IDLE:[0.0, 0.0, 0.0, 0.0, 0.0, 0.0, 1.0, 0.0, 0.0, 0.0]
message_length:[[1340, 1340, 1340, 1340, 1340, 1340, 1340, 1340, 1340, 1340], [1340, 1340, 1340, 1340, 1340, 1340, 1340, 1340, 1340, 1340], [1340, 1340, 1340, 1340, 1340, 1340, 1340, 1340, 1340, 1340], [1340, 1340, 1340, 1340, 1340, 1340, 1340, 1340, 1340, 1340], [1340, 1340, 1340, 1340, 1340, 1340, 1340, 1340, 1340, 1340], [1340, 1340, 1340, 1340, 1340, 1340, 1340, 1340, 1340, 1340], [1340, 1340, 1340, 1340, 1340, 1340, 1340, 1340, 1340, 1340], [1340, 1340, 1340, 1340, 1340, 1340, 1340, 1340, 1340, 1340], [1340, 1340, 1340, 1340, 1340, 1340, 1340, 1340, 1340, 1340], [1340, 1340, 1340, 1340, 1340, 1340, 1340, 1340, 1340, 1340]]
time_stamp:[856.602418067, 856.615047455, 856.629363043, 856.649343106, 856.665645212, 856.691040079, 856.706474158, 856.72884781, 856.748369828, 856.774108292]
MEMORY:[31.1, 31.1, 31.1, 31.1, 31.1, 31.1, 31.1, 31.1, 31.1, 31.1]
TIMES:[0.015715395999905013, 0.00389582299999347, 0.005187778000049548, 0.007793096999989757, 0.0036976019999883647, 0.00896328999999696, 0.004835518999925625, 0.004012875000057647, 0.003948084999933599, 0.0073448309999548655]
read_bytes:[1645594624, 1645594624, 1645594624, 1645594624, 1645594624, 1645594624, 1645594624, 1645594624, 1645594624, 1645594624]
write_bytes:[223351808, 223396864, 223433728, 223470592, 223507456, 223544320, 223581184, 223618048, 223654912, 223691776]
read_time:[32540, 32540, 32540, 32540, 32540, 32540, 32540, 32540, 32540, 32540]
write_time:[10308, 10312, 10316, 10320, 10324, 10328, 10332, 10336, 10336, 10340]
bytes_recv:[18940356, 18951564, 18961048, 18981674, 18997760, 19017154, 19034946, 19052240, 19063338, 19087546]
start_value_disk:223310848
start_value_bytes_rec:18915212
