CPU_UTIL:[0.0, 0.0, 0.0, 10.0, 0.0, 0.0, 33.3, 0.0, 25.0, 33.3]
CPU_USER:[0.0, 0.0, 0.0, 1.0, 0.0, 0.0, 0.0, 0.0, 0.0, 0.0]
CPU_SYSTEM:[0.0, 0.0, 0.0, 0.0, 0.0, 0.0, 0.0, 0.0, 0.0, 0.0]
CPU_IDLE:[1.0, 0.0, 1.0, 1.0, 0.0, 1.0, 0.0, 0.0, 0.0, 1.0]
time_stamp:[11179461.186305432, 11179461.305924468, 11179461.414557762, 11179461.48507986, 11179461.5665383, 11179461.645799687, 11179461.725971151, 11179461.825735252, 11179461.9056527, 11179461.98566538]
MEMORY:[2.2, 2.2, 2.2, 2.2, 2.2, 2.2, 2.2, 2.2, 2.2, 2.2]
TIMES:[0.04214619658887386, 0.008854664862155914, 0.002033112570643425, 0.007682420313358307, 0.0020018070936203003, 0.0018864013254642487, 0.001944785937666893, 0.0016828197985887527, 0.001791851595044136, 0.0017445124685764313]
read_count:[1000294, 15560248, 139161976320, 2296922337792, 6273264, 524283952, 1000294, 15560248, 139161976320, 2296922337792, 6273264, 524283952, 1000294, 15560249, 139161976320, 2296922341888, 6273264, 524283952, 1000294, 15560250, 139161976320, 2296922345984, 6273264, 524283952, 1000294, 15560251, 139161976320, 2296922350080, 6273264, 524283952, 1000294, 15560252, 139161976320, 2296922354176, 6273264, 524283952, 1000294, 15560253, 139161976320, 2296922358272, 6273264, 524283952, 1000294, 15560254, 139161976320, 2296922362368, 6273264, 524283952, 1000294, 15560255, 139161976320, 2296922366464, 6273264, 524283952, 1000294, 15560256, 139161976320, 2296922370560, 6273264, 524283952]
write_counter:[]
read_bytes:[]
write_bytes:[]
read_time:[]
write_time:[]
bytes_recv:[210136206256, 210136224118, 210136234976, 210136246746, 210136257394, 210136268182, 210136277080, 210136290390, 210136302302, 210136314612]
packets_recv:[2515480872, 2515480896, 2515480912, 2515480930, 2515480943, 2515480958, 2515480969, 2515480986, 2515481003, 2515481017]
