CPU_UTIL:[0.0, 0.0, 0.0, 0.0, 0.0, 0.0, 33.3, 0.0, 0.0, 0.0]
CPU_USER:[0.0, 1.0, 0.0, 0.0, 0.0, 0.0, 1.0, 1.0, 1.0, 0.0]
CPU_SYSTEM:[0.0, 0.0, 0.0, 0.0, 0.0, 0.0, 0.0, 0.0, 0.0, 0.0]
CPU_IDLE:[1.0, 0.0, 0.0, 0.0, 0.0, 0.0, 1.0, 0.0, 0.0, 0.0]
time_stamp:[11161158.485050349, 11161158.49991062, 11161158.51329167, 11161158.525079727, 11161158.539137337, 11161158.5505774, 11161158.588388477, 11161158.600563336, 11161158.619613688, 11161158.649036933]
MEMORY:[2.2, 2.2, 2.2, 2.2, 2.2, 2.2, 2.2, 2.2, 2.2, 2.2]
TIMES:[0.0025664828717708588, 0.0015206336975097656, 0.0003125816583633423, 0.002550242468714714, 0.003665560856461525, 0.0010016821324825287, 0.0011825431138277054, 0.0012197215110063553, 0.006198462098836899, 0.01385323517024517]
read_count:[999862, 15553315, 139153677824, 2296836354560, 6268932, 524265608, 999862, 15553315, 139153677824, 2296836354560, 6268932, 524265608, 999862, 15553316, 139153677824, 2296836358656, 6268932, 524265608, 999862, 15553317, 139153677824, 2296836362752, 6268932, 524265608, 999862, 15553318, 139153677824, 2296836366848, 6268932, 524265612, 999862, 15553319, 139153677824, 2296836370944, 6268932, 524265612, 999862, 15553320, 139153677824, 2296836375040, 6268932, 524265612, 999862, 15553321, 139153677824, 2296836379136, 6268932, 524265616, 999862, 15553322, 139153677824, 2296836383232, 6268932, 524265616, 999862, 15553323, 139153677824, 2296836387328, 6268932, 524265616]
write_counter:[]
read_bytes:[]
write_bytes:[]
read_time:[]
write_time:[]
bytes_recv:[210075001953, 210075009411, 210075024231, 210075040239, 210075052113, 210075065269, 210075084473, 210075100699, 210075113901, 210075130127]
packets_recv:[2515356656, 2515356666, 2515356681, 2515356695, 2515356708, 2515356721, 2515356741, 2515356757, 2515356770, 2515356788]
