CPU_UTIL:[0.0, 20.0, 11.1, 0.0, 0.0, 0.0, 0.0, 0.0, 0.0, 0.0]
CPU_USER:[0.0, 0.0, 0.0, 0.0, 0.0, 0.0, 0.0, 1.0, 0.0, 1.0]
CPU_SYSTEM:[0.0, 0.0, 0.0, 0.0, 0.0, 0.0, 0.0, 1.0, 0.0, 0.0]
CPU_IDLE:[1.0, 0.0, 1.0, 0.0, 0.0, 0.0, 0.0, 0.0, 1.0, 1.0]
time_stamp:[11163696.061787575, 11163696.20124491, 11163699.136394884, 11163699.147221169, 11163699.16879844, 11163699.187254153, 11163699.201488208, 11163699.24714848, 11163699.261008345, 11163699.273305075]
MEMORY:[2.2, 2.2, 2.2, 2.2, 2.2, 2.2, 2.2, 2.2, 2.2, 2.2]
TIMES:[0.004009302705526352, 0.003053354099392891, 0.0062681324779987335, 0.0017995797097682953, 0.0042775776237249374, 0.0011671874672174454, 0.001854853704571724, 0.0010173805058002472, 0.0034037381410598755, 0.001660982146859169]
read_count:[1000210, 15555686, 139159215616, 2296866460160, 6271784, 524268068, 1000210, 15555687, 139159215616, 2296866464256, 6271784, 524268068, 1000210, 15555689, 139159215616, 2296866472448, 6271784, 524268076, 1000210, 15555691, 139159215616, 2296866480640, 6271784, 524268076, 1000210, 15555693, 139159215616, 2296866488832, 6271784, 524268076, 1000210, 15555695, 139159215616, 2296866497024, 6271784, 524268076, 1000210, 15555697, 139159215616, 2296866505216, 6271784, 524268076, 1000210, 15555699, 139159215616, 2296866513408, 6271784, 524268076, 1000210, 15555701, 139159215616, 2296866521600, 6271784, 524268076, 1000210, 15555703, 139159215616, 2296866529792, 6271784, 524268076]
write_counter:[]
read_bytes:[]
write_bytes:[]
read_time:[]
write_time:[]
bytes_recv:[210095733836, 210095752752, 210095797183, 210095803079, 210095823433, 210095846727, 210095864205, 210095891827, 210095906429, 210095916639]
packets_recv:[2515389728, 2515389744, 2515389788, 2515389794, 2515389811, 2515389831, 2515389846, 2515389869, 2515389882, 2515389891]
