CPU_UTIL:[0.0, 0.0, 5.6, 2.8, 0.0, 8.3, 5.9, 0.0, 0.0, 5.6]
CPU_USER:[0.0, 0.0, 0.8, 0.7, 0.0, 0.0, 0.9, 0.8, 0.8, 0.9]
CPU_SYSTEM:[0.0, 0.0, 0.0, 1.0, 0.0, 0.0, 0.0, 0.0, 0.0, 0.0]
CPU_IDLE:[1.0, 1.0, 1.0, 0.0, 0.0, 0.0, 1.0, 1.0, 0.0, 1.0]
time_stamp:[11179810.658131786, 11179810.74751821, 11179810.851796765, 11179810.975360801, 11179811.078001767, 11179811.194833132, 11179811.291416764, 11179811.39139826, 11179811.499130158, 11179811.591715485]
MEMORY:[2.2, 2.2, 2.2, 2.2, 2.2, 2.2, 2.2, 2.2, 2.2, 2.2]
TIMES:[0.041207918897271156, 0.010507004335522652, 0.01440032385289669, 0.029897063970565796, 0.02116595022380352, 0.009908022359013557, 0.014111479744315147, 0.03369290009140968, 0.04164474830031395, 0.014230169355869293]
read_count:[1000296, 15560570, 139161984512, 2296925966848, 6273308, 524284964, 1000296, 15560571, 139161984512, 2296925970944, 6273308, 524284964, 1000296, 15560573, 139161984512, 2296925979136, 6273308, 524284964, 1000296, 15560575, 139161984512, 2296925987328, 6273308, 524284968, 1000296, 15560577, 139161984512, 2296925995520, 6273308, 524284968, 1000296, 15560579, 139161984512, 2296926003712, 6273308, 524284968, 1000296, 15560581, 139161984512, 2296926011904, 6273308, 524284968, 1000296, 15560583, 139161984512, 2296926020096, 6273308, 524284968, 1000296, 15560585, 139161984512, 2296926028288, 6273308, 524284968, 1000296, 15560587, 139161984512, 2296926036480, 6273308, 524284968]
write_counter:[]
read_bytes:[]
write_bytes:[]
read_time:[]
write_time:[]
bytes_recv:[210138646358, 210138652198, 210138661954, 210138684590, 210138692986, 210138707014, 210138726738, 210138744682, 210138758710, 210138767398]
packets_recv:[2515485013, 2515485019, 2515485029, 2515485049, 2515485059, 2515485072, 2515485090, 2515485106, 2515485119, 2515485127]
