CPU_UTIL:[1.0, 0.0, 0.0, 4.0, 0.0, 14.3, 16.7, 0.0, 0.0, 20.0]
CPU_USER:[0.0, 0.0, 0.0, 0.8, 0.6, 0.9, 0.8, 0.0, 0.8, 1.0]
CPU_SYSTEM:[0.0, 0.0, 0.0, 0.0, 0.0, 0.0, 0.0, 1.0, 0.0, 0.0]
CPU_IDLE:[0.0, 1.0, 1.0, 1.0, 1.0, 1.0, 0.0, 0.0, 1.0, 1.0]
time_stamp:[11179787.748832665, 11179787.867882697, 11179787.96387357, 11179788.065484837, 11179788.195901094, 11179788.289567225, 11179788.391335366, 11179788.491036529, 11179788.595891625, 11179788.682813536]
MEMORY:[2.2, 2.2, 2.2, 2.2, 2.2, 2.2, 2.2, 2.2, 2.2, 2.2]
TIMES:[0.08344504982233047, 0.03072221577167511, 0.01904645748436451, 0.020886927843093872, 0.010887514799833298, 0.005135934799909592, 0.004390260204672813, 0.02661501243710518, 0.003948071971535683, 0.003908349201083183]
read_count:[1000296, 15560558, 139161984512, 2296925889024, 6273308, 524284924, 1000296, 15560558, 139161984512, 2296925889024, 6273308, 524284924, 1000296, 15560559, 139161984512, 2296925893120, 6273308, 524284924, 1000296, 15560560, 139161984512, 2296925897216, 6273308, 524284924, 1000296, 15560561, 139161984512, 2296925901312, 6273308, 524284924, 1000296, 15560562, 139161984512, 2296925905408, 6273308, 524284924, 1000296, 15560563, 139161984512, 2296925909504, 6273308, 524284924, 1000296, 15560564, 139161984512, 2296925913600, 6273308, 524284924, 1000296, 15560565, 139161984512, 2296925917696, 6273308, 524284924, 1000296, 15560566, 139161984512, 2296925921792, 6273308, 524284924]
write_counter:[]
read_bytes:[]
write_bytes:[]
read_time:[]
write_time:[]
bytes_recv:[210138487240, 210138504880, 210138519943, 210138537309, 210138548839, 210138564641, 210138576031, 210138584813, 210138607595, 210138611795]
packets_recv:[2515484735, 2515484761, 2515484786, 2515484808, 2515484824, 2515484843, 2515484857, 2515484872, 2515484894, 2515484902]
