CPU_UTIL:[0.0, 0.0, 0.0, 2.9, 0.0, 0.0, 0.0, 0.0, 0.0, 0.0]
CPU_USER:[0.0, 0.0, 0.0, 2.0, 0.0, 0.0, 1.0, 0.0, 0.9, 0.0]
CPU_SYSTEM:[0.0, 0.0, 0.0, 0.0, 0.0, 0.0, 0.0, 0.0, 0.0, 0.0]
CPU_IDLE:[0.0, 0.0, 1.0, 1.0, 0.0, 0.0, 1.0, 1.0, 1.0, 1.0]
message_length:[[1340, 1340, 1340, 1340, 1340, 1340, 1340, 1340, 1340, 1340], [1340, 1340, 1340, 1340, 1340, 1340, 1340, 1340, 1340, 1340], [1340, 1340, 1340, 1340, 1340, 1340, 1340, 1340, 1340, 1340], [1340, 1340, 1340, 1340, 1340, 1340, 1340, 1340, 1340, 1340], [1340, 1340, 1340, 1340, 1340, 1340, 1340, 1340, 1340, 1340], [1340, 1340, 1340, 1340, 1340, 1340, 1340, 1340, 1340, 1340], [1340, 1340, 1340, 1340, 1340, 1340, 1340, 1340, 1340, 1340], [1340, 1340, 1340, 1340, 1340, 1340, 1340, 1340, 1340, 1340], [1340, 1340, 1340, 1340, 1340, 1340, 1340, 1340, 1340, 1340], [1340, 1340, 1340, 1340, 1340, 1340, 1340, 1340, 1340, 1340]]
time_stamp:[11182015.603966529, 11182015.65329305, 11182015.737477936, 11182015.820310788, 11182015.894910516, 11182015.994049504, 11182016.068749437, 11182016.159699574, 11182016.250510665, 11182016.333168913]
MEMORY:[2.2, 2.2, 2.2, 2.2, 2.2, 2.2, 2.2, 2.2, 2.2, 2.2]
TIMES:[0.059770915657281876, 0.029534656554460526, 0.05218784511089325, 0.02777852490544319, 0.03772076033055782, 0.03667135909199715, 0.031242137774825096, 0.03427324444055557, 0.025527970865368843, 0.035852160304784775]
read_count:[1004316, 15565361, 139185694208, 2297099858432, 6280104, 524346280, 1004316, 15565364, 139185694208, 2297099903488, 6280104, 524346308, 1004316, 15565368, 139185694208, 2297099940352, 6280104, 524346332, 1004316, 15565372, 139185694208, 2297099977216, 6280104, 524346360, 1004316, 15565376, 139185694208, 2297100014080, 6280104, 524346392, 1004316, 15565380, 139185694208, 2297100050944, 6280104, 524346420, 1004316, 15565384, 139185694208, 2297100087808, 6280104, 524346440, 1004316, 15565388, 139185694208, 2297100124672, 6280104, 524346464, 1004316, 15565392, 139185694208, 2297100161536, 6280104, 524346488, 1004316, 15565396, 139185694208, 2297100198400, 6280104, 524346516]
write_counter:[]
read_bytes:[]
write_bytes:[]
read_time:[]
write_time:[]
bytes_recv:[210163309964, 210163324322, 210163338680, 210163353038, 210163367396, 210163381754, 210163396112, 210163410470, 210163425550, 210163439894]
