CPU_UTIL:[0.0, 0.0, 28.6, 20.0, 0.0, 0.0, 0.0, 25.0, 33.3, 0.0]
CPU_USER:[1.6, 2.0, 3.0, 2.0, 1.0, 1.0, 0.0, 2.0, 2.0, 1.0]
CPU_SYSTEM:[0.0, 0.0, 0.0, 0.0, 1.0, 0.0, 0.0, 0.0, 0.0, 0.0]
CPU_IDLE:[0.0, 0.0, 0.0, 0.0, 0.0, 0.0, 0.0, 1.0, 0.0, 0.0]
message_length:[[1437, 1437, 1437, 1437, 1437, 1437, 1437, 1437, 1437, 1437], [1437, 1437, 1437, 1437, 1437, 1437, 1437, 1437, 1437, 1437], [1437, 1437, 1437, 1437, 1437, 1437, 1437, 1437, 1437, 1437], [1437, 1437, 1437, 1437, 1437, 1437, 1437, 1437, 1437, 1437], [1437, 1437, 1437, 1437, 1437, 1437, 1437, 1437, 1437, 1437], [1437, 1437, 1437, 1437, 1437, 1437, 1437, 1437, 1437, 1437], [1437, 1437, 1437, 1437, 1437, 1437, 1437, 1437, 1437, 1437], [1437, 1437, 1437, 1437, 1437, 1437, 1437, 1437, 1437, 1437], [1437, 1437, 1437, 1437, 1437, 1437, 1437, 1437, 1437, 1437], [1437, 1437, 1437, 1437, 1437, 1437, 1437, 1437, 1437, 1437]]
time_stamp:[920.280439327, 920.304739227, 920.331979168, 920.356066881, 920.379574791, 920.397652137, 920.422380381, 920.451417452, 920.471417758, 920.49747482]
MEMORY:[31.1, 31.1, 31.1, 31.1, 31.1, 31.1, 31.1, 31.1, 31.1, 31.1]
TIMES:[0.0035632589999750053, 0.003889692999905492, 0.006051340999988497, 0.005332936000058908, 0.007405026000014914, 0.003525749999994332, 0.004592072000036751, 0.0036215540000057445, 0.0033548620000374285, 0.002960576999953446]
read_bytes:[1645717504, 1645717504, 1645717504, 1645717504, 1645717504, 1645717504, 1645717504, 1645717504, 1645717504, 1645717504]
write_bytes:[224224256, 224224256, 224228352, 224232448, 224236544, 224240640, 224244736, 224248832, 224252928, 224257024]
read_time:[32548, 32548, 32548, 32548, 32548, 32548, 32548, 32548, 32548, 32548]
write_time:[10540, 10540, 10548, 10548, 10548, 10548, 10548, 10548, 10548, 10548]
bytes_recv:[19469035, 19492733, 19509415, 19529023, 19544379, 19556305, 19574997, 19602175, 19606933, 19626539]
start_value_disk:224220160
start_value_bytes_rec:19452711
