CPU_UTIL:[0.0, 0.0, 0.0, 0.0, 0.0, 0.0, 0.0, 0.0, 0.0, 25.0]
CPU_USER:[0.0, 0.0, 0.0, 0.0, 1.0, 0.0, 0.0, 0.0, 1.0, 0.0]
CPU_SYSTEM:[0.0, 0.0, 0.0, 0.0, 0.0, 1.0, 0.0, 1.0, 0.0, 0.0]
CPU_IDLE:[1.0, 0.0, 0.0, 0.0, 0.0, 1.0, 0.0, 1.0, 0.0, 1.0]
time_stamp:[11162269.86632949, 11162269.872387992, 11162269.88068589, 11162269.88735984, 11162269.898520812, 11162269.919607949, 11162269.94153224, 11162269.951235663, 11162269.962444708, 11162269.974599168]
MEMORY:[2.2, 2.2, 2.2, 2.2, 2.2, 2.2, 2.2, 2.2, 2.2, 2.2]
TIMES:[0.0007986798882484436, 0.00018850713968276978, 0.00020790472626686096, 0.0012002624571323395, 0.00024878792464733124, 0.0015660915523767471, 0.0007823873311281204, 0.0005937758833169937, 0.0024672839790582657, 0.0025517363101243973]
read_count:[1000210, 15555236, 139159215616, 2296861606400, 6271784, 524267828, 1000210, 15555236, 139159215616, 2296861606400, 6271784, 524267828, 1000210, 15555237, 139159215616, 2296861610496, 6271784, 524267828, 1000210, 15555238, 139159215616, 2296861614592, 6271784, 524267828, 1000210, 15555239, 139159215616, 2296861618688, 6271784, 524267828, 1000210, 15555240, 139159215616, 2296861622784, 6271784, 524267828, 1000210, 15555241, 139159215616, 2296861626880, 6271784, 524267832, 1000210, 15555242, 139159215616, 2296861630976, 6271784, 524267832, 1000210, 15555243, 139159215616, 2296861635072, 6271784, 524267832, 1000210, 15555244, 139159215616, 2296861639168, 6271784, 524267832]
write_counter:[]
read_bytes:[]
write_bytes:[]
read_time:[]
write_time:[]
bytes_recv:[210090100476, 210090107810, 210090119432, 210090133860, 210090151164, 210090162864, 210090183258, 210090196278, 210090209268, 210090226460]
packets_recv:[2515378702, 2515378709, 2515378722, 2515378736, 2515378752, 2515378766, 2515378789, 2515378797, 2515378810, 2515378828]
