CPU_UTIL:[0.7, 0.0, 2.0, 0.0, 3.1, 3.8, 28.6, 16.7, 4.3, 4.2]
CPU_USER:[0.0, 0.0, 0.7, 0.9, 0.7, 0.8, 0.8, 0.9, 0.6, 0.8]
CPU_SYSTEM:[0.0, 0.0, 0.0, 0.0, 0.0, 0.0, 0.0, 0.0, 0.0, 0.0]
CPU_IDLE:[0.0, 0.0, 1.0, 0.0, 1.0, 0.0, 1.0, 0.0, 1.0, 1.0]
time_stamp:[11179751.1093814, 11179751.112811984, 11179751.22967888, 11179751.324436108, 11179751.443328736, 11179751.54433356, 11179751.64495526, 11179751.743120572, 11179751.875395456, 11179751.97818807]
MEMORY:[2.2, 2.2, 2.2, 2.2, 2.2, 2.2, 2.2, 2.2, 2.2, 2.2]
TIMES:[0.11183960922062397, 0.0008755456656217575, 0.041524866595864296, 0.0189947709441185, 0.02588929980993271, 0.020516248419880867, 0.004836525768041611, 0.004154816269874573, 0.018478328362107277, 0.019084615632891655]
read_count:[1000296, 15560518, 139161984512, 2296925663744, 6273308, 524284832, 1000296, 15560518, 139161984512, 2296925663744, 6273308, 524284832, 1000296, 15560519, 139161984512, 2296925667840, 6273308, 524284832, 1000296, 15560520, 139161984512, 2296925671936, 6273308, 524284832, 1000296, 15560521, 139161984512, 2296925676032, 6273308, 524284832, 1000296, 15560522, 139161984512, 2296925680128, 6273308, 524284832, 1000296, 15560523, 139161984512, 2296925684224, 6273308, 524284832, 1000296, 15560524, 139161984512, 2296925688320, 6273308, 524284836, 1000296, 15560525, 139161984512, 2296925692416, 6273308, 524284836, 1000296, 15560526, 139161984512, 2296925696512, 6273308, 524284836]
write_counter:[]
read_bytes:[]
write_bytes:[]
read_time:[]
write_time:[]
bytes_recv:[210138164770, 210138166194, 210138186932, 210138197772, 210138209476, 210138221110, 210138230036, 210138243164, 210138259210, 210138273762]
packets_recv:[2515484165, 2515484166, 2515484193, 2515484214, 2515484228, 2515484241, 2515484254, 2515484269, 2515484287, 2515484303]
