CPU_UTIL:[1.1, 2.2, 2.3, 0.0, 0.0, 0.0, 0.0, 0.0, 0.0, 0.0]
CPU_USER:[0.0, 0.0, 0.4, 0.0, 0.0, 0.4, 0.0, 0.0, 0.0, 0.0]
CPU_SYSTEM:[0.0, 0.0, 0.0, 0.0, 0.0, 0.0, 0.0, 0.0, 0.0, 0.0]
CPU_IDLE:[1.0, 0.0, 0.0, 0.0, 1.0, 0.0, 1.0, 1.0, 1.0, 0.0]
message_length:[[4329, 4329, 4329, 4329, 4329, 4329, 4329, 4329, 4329, 4329], [4329, 4329, 4329, 4329, 4329, 4329, 4329, 4329, 4329, 4329], [4329, 4329, 4329, 4329, 4329, 4329, 4329, 4329, 4329, 4329], [4329, 4329, 4329, 4329, 4329, 4329, 4329, 4329, 4329, 4329], [4329, 4329, 4329, 4329, 4329, 4329, 4329, 4329, 4329, 4329], [4329, 4329, 4329, 4329, 4329, 4329, 4329, 4329, 4329, 4329], [4329, 4329, 4329, 4329, 4329, 4329, 4329, 4329, 4329, 4329], [4329, 4329, 4329, 4329, 4329, 4329, 4329, 4329, 4329, 4329], [4329, 4329, 4329, 4329, 4329, 4329, 4329, 4329, 4329, 4329], [4329, 4329, 4329, 4329, 4329, 4329, 4329, 4329, 4329, 4329]]
time_stamp:[11182115.868535057, 11182116.07392332, 11182116.312096601, 11182116.533848917, 11182116.75560367, 11182116.97744284, 11182117.174592376, 11182117.38007305, 11182117.61817732, 11182117.815408893]
MEMORY:[2.2, 2.2, 2.2, 2.2, 2.2, 2.2, 2.2, 2.2, 2.2, 2.2]
TIMES:[0.07146653719246387, 0.03646061196923256, 0.03485751524567604, 0.03629267029464245, 0.037928540259599686, 0.04008658044040203, 0.03735344484448433, 0.03465959616005421, 0.040865443646907806, 0.038088176399469376]
read_count:[1004316, 15565573, 139185694208, 2297101578752, 6280104, 524348084, 1004316, 15565576, 139185694208, 2297101623808, 6280104, 524348112, 1004316, 15565580, 139185694208, 2297101660672, 6280104, 524348136, 1004316, 15565584, 139185694208, 2297101697536, 6280104, 524348164, 1004316, 15565588, 139185694208, 2297101734400, 6280104, 524348192, 1004316, 15565592, 139185694208, 2297101771264, 6280104, 524348224, 1004316, 15565596, 139185694208, 2297101808128, 6280104, 524348252, 1004316, 15565600, 139185694208, 2297101844992, 6280104, 524348276, 1004316, 15565604, 139185694208, 2297101881856, 6280104, 524348312, 1004316, 15565608, 139185694208, 2297101918720, 6280104, 524348344]
write_counter:[]
read_bytes:[]
write_bytes:[]
read_time:[]
write_time:[]
bytes_recv:[210164993833, 210165044027, 210165089885, 210165135673, 210165181531, 210165227319, 210165273177, 210165318965, 210165367155, 210165412943]
