CPU_UTIL:[50.0, 0.0, 25.0, 0.0, 25.0, 42.9]
CPU_USER:[6.4, 4.5, 3.0, 4.8, 3.2, 3.5]
CPU_SYSTEM:[0.0, 0.0, 0.0, 0.0, 0.0, 0.0]
CPU_IDLE:[0.0, 1.0, 0.0, 0.0, 0.0, 1.0]
time_stamp:[102546.045702804, 102547.054874246, 102548.06576702, 102566.549827902, 102567.55960413, 102568.571723522]
MEMORY:[91.1, 91.2, 91.2, 91.3, 91.4, 91.4]
TIMES:[0.0034952019923366606, 0.005341082011000253, 0.004697117998148315, 0.0022477709862869233, 0.005105817996081896, 0.005837577991769649]
read_count:[1850627, 507426, 16014703616, 340624192512, 481776, 988752, 1850627, 507486, 16014703616, 340624688128, 481776, 988760, 1850627, 507487, 16014703616, 340624692224, 481776, 988768, 1850631, 507555, 16014720000, 340627362816, 481784, 988936, 1850631, 507556, 16014720000, 340627366912, 481784, 988944, 1850631, 507564, 16014720000, 340627493888, 481784, 988960]
write_counter:[]
read_bytes:[]
write_bytes:[]
read_time:[]
write_time:[]
bytes_recv:[2632588915, 2632592411, 2632595892, 2632636829, 2632640443, 2632646323]
packets_recv:[2447466, 2447484, 2447502, 2447695, 2447714, 2447744]
