CPU_UTIL:[0.0, 0.0, 0.0, 0.0, 0.0, 0.0, 2.2, 0.0, 2.3, 0.0]
CPU_USER:[0.0, 0.0, 0.0, 1.0, 0.0, 1.0, 0.0, 1.0, 1.0, 0.0]
CPU_SYSTEM:[0.0, 0.0, 0.0, 0.0, 0.0, 0.0, 0.0, 0.0, 0.0, 0.0]
CPU_IDLE:[1.0, 0.0, 1.0, 0.0, 0.0, 1.0, 1.0, 1.0, 0.0, 1.0]
message_length:[[969, 969, 969, 969, 969, 969, 969, 969, 969, 969], [969, 969, 969, 969, 969, 969, 969, 969, 969, 969], [969, 969, 969, 969, 969, 969, 969, 969, 969, 969], [969, 969, 969, 969, 969, 969, 969, 969, 969, 969], [969, 969, 969, 969, 969, 969, 969, 969, 969, 969], [969, 969, 969, 969, 969, 969, 969, 969, 969, 969], [969, 969, 969, 969, 969, 969, 969, 969, 969, 969], [969, 969, 969, 969, 969, 969, 969, 969, 969, 969], [969, 969, 969, 969, 969, 969, 969, 969, 969, 969], [969, 969, 969, 969, 969, 969, 969, 969, 969, 969]]
time_stamp:[11181694.9465042, 11181694.9879637, 11181695.079476185, 11181695.154224295, 11181695.237008613, 11181695.311459634, 11181695.394824708, 11181695.469440278, 11181695.55228108, 11181695.626839677]
MEMORY:[2.2, 2.2, 2.2, 2.2, 2.2, 2.2, 2.2, 2.2, 2.2, 2.2]
TIMES:[0.06907191872596741, 0.031195614486932755, 0.03404469974339008, 0.0366017185151577, 0.031629856675863266, 0.03405248932540417, 0.03746797703206539, 0.03210318647325039, 0.03483971208333969, 0.02949911169707775]
read_count:[1004316, 15564965, 139185694208, 2297096761856, 6280104, 524344188, 1004316, 15564968, 139185694208, 2297096806912, 6280104, 524344212, 1004316, 15564972, 139185694208, 2297096843776, 6280104, 524344236, 1004316, 15564976, 139185694208, 2297096880640, 6280104, 524344264, 1004316, 15564980, 139185694208, 2297096917504, 6280104, 524344288, 1004316, 15564984, 139185694208, 2297096954368, 6280104, 524344312, 1004316, 15564988, 139185694208, 2297096991232, 6280104, 524344340, 1004316, 15564992, 139185694208, 2297097028096, 6280104, 524344364, 1004316, 15564996, 139185694208, 2297097064960, 6280104, 524344392, 1004316, 15565000, 139185694208, 2297097101824, 6280104, 524344416]
write_counter:[]
read_bytes:[]
write_bytes:[]
read_time:[]
write_time:[]
bytes_recv:[210160998858, 210161009366, 210161019874, 210161030382, 210161040890, 210161051462, 210161061970, 210161072478, 210161082986, 210161093416]
