CPU_UTIL:[1.6, 0.0, 0.0, 0.0, 0.0, 0.0, 0.0, 0.0, 0.0, 0.0]
CPU_USER:[0.0, 0.0, 0.0, 1.0, 0.0, 0.0, 1.0, 1.0, 0.0, 1.0]
CPU_SYSTEM:[0.0, 0.0, 0.0, 0.0, 0.0, 0.0, 0.0, 0.0, 0.0, 0.0]
CPU_IDLE:[0.0, 1.0, 1.0, 0.0, 0.0, 1.0, 1.0, 1.0, 0.0, 0.0]
message_length:[[1287, 1287, 1287, 1287, 1287, 1287, 1287, 1287, 1287, 1287], [1287, 1287, 1287, 1287, 1287, 1287, 1287, 1287, 1287, 1287], [1287, 1287, 1287, 1287, 1287, 1287, 1287, 1287, 1287, 1287], [1287, 1287, 1287, 1287, 1287, 1287, 1287, 1287, 1287, 1287], [1287, 1287, 1287, 1287, 1287, 1287, 1287, 1287, 1287, 1287], [1287, 1287, 1287, 1287, 1287, 1287, 1287, 1287, 1287, 1287], [1287, 1287, 1287, 1287, 1287, 1287, 1287, 1287, 1287, 1287], [1287, 1287, 1287, 1287, 1287, 1287, 1287, 1287, 1287, 1287], [1287, 1287, 1287, 1287, 1287, 1287, 1287, 1287, 1287, 1287], [1287, 1287, 1287, 1287, 1287, 1287, 1287, 1287, 1287, 1287]]
time_stamp:[11181808.867675604, 11181808.934073497, 11181809.03320288, 11181809.107820578, 11181809.190606076, 11181809.273394376, 11181809.347994754, 11181809.43078296, 11181809.513569936, 11181809.588199088]
MEMORY:[2.2, 2.2, 2.2, 2.2, 2.2, 2.2, 2.2, 2.2, 2.2, 2.2]
TIMES:[0.0506113413721323, 0.028913317248225212, 0.036203423514962196, 0.03101170063018799, 0.03381906449794769, 0.03661634959280491, 0.031162871047854424, 0.033535417169332504, 0.036657558754086494, 0.031299127265810966]
read_count:[1004316, 15565189, 139185694208, 2297098703360, 6280104, 524345640, 1004316, 15565192, 139185694208, 2297098748416, 6280104, 524345660, 1004316, 15565196, 139185694208, 2297098785280, 6280104, 524345688, 1004316, 15565200, 139185694208, 2297098822144, 6280104, 524345708, 1004316, 15565204, 139185694208, 2297098859008, 6280104, 524345732, 1004316, 15565208, 139185694208, 2297098895872, 6280104, 524345760, 1004316, 15565212, 139185694208, 2297098932736, 6280104, 524345780, 1004316, 15565216, 139185694208, 2297098969600, 6280104, 524345804, 1004316, 15565220, 139185694208, 2297099006464, 6280104, 524345836, 1004316, 15565224, 139185694208, 2297099043328, 6280104, 524345860]
write_counter:[]
read_bytes:[]
write_bytes:[]
read_time:[]
write_time:[]
bytes_recv:[210162040205, 210162054033, 210162067951, 210162081779, 210162095607, 210162109435, 210162123263, 210162137155, 210162150983, 210162164733]
