CPU_UTIL:[0.0, 0.0, 0.0, 0.0, 0.0, 0.0, 0.0, 0.0, 0.0, 0.0]
CPU_USER:[0.0, 0.0, 0.0, 0.0, 0.0, 0.0, 1.0, 0.0, 0.0, 1.0]
CPU_SYSTEM:[0.0, 0.0, 0.0, 0.0, 0.0, 0.0, 0.0, 0.0, 0.0, 0.0]
CPU_IDLE:[1.0, 1.0, 0.0, 1.0, 0.0, 0.0, 1.0, 0.0, 1.0, 1.0]
time_stamp:[11163799.527554126, 11163799.541802345, 11163799.550241396, 11163799.56135324, 11163799.567447726, 11163799.586038362, 11163799.597032947, 11163799.610793088, 11163799.619774435, 11163799.63048963]
MEMORY:[2.2, 2.2, 2.2, 2.2, 2.2, 2.2, 2.2, 2.2, 2.2, 2.2]
TIMES:[0.0018914788961410522, 0.002047879621386528, 0.0015502609312534332, 0.002242453396320343, 0.0016741994768381119, 0.003211008384823799, 0.002518218010663986, 0.003656132146716118, 0.002075640484690666, 0.004560085013508797]
read_count:[1000210, 15555804, 139159215616, 2296867082752, 6271784, 524268260, 1000210, 15555805, 139159215616, 2296867086848, 6271784, 524268260, 1000210, 15555807, 139159215616, 2296867095040, 6271784, 524268260, 1000210, 15555809, 139159215616, 2296867103232, 6271784, 524268260, 1000210, 15555811, 139159215616, 2296867111424, 6271784, 524268260, 1000210, 15555813, 139159215616, 2296867119616, 6271784, 524268260, 1000210, 15555815, 139159215616, 2296867127808, 6271784, 524268260, 1000210, 15555817, 139159215616, 2296867136000, 6271784, 524268260, 1000210, 15555819, 139159215616, 2296867144192, 6271784, 524268264, 1000210, 15555821, 139159215616, 2296867152384, 6271784, 524268264]
write_counter:[]
read_bytes:[]
write_bytes:[]
read_time:[]
write_time:[]
bytes_recv:[210096577392, 210096590022, 210096606966, 210096625426, 210096633664, 210096655826, 210096664583, 210096684180, 210096698248, 210096711334]
packets_recv:[2515391102, 2515391114, 2515391129, 2515391146, 2515391154, 2515391173, 2515391187, 2515391202, 2515391215, 2515391226]
