CPU_UTIL:[0.0, 0.0, 4.3, 0.0, 0.0, 0.0, 0.0, 0.0, 0.0, 0.0]
CPU_USER:[0.0, 0.0, 0.9, 0.0, 0.0, 1.0, 1.0, 0.0, 0.0, 0.0]
CPU_SYSTEM:[0.0, 0.0, 0.0, 0.0, 0.0, 0.0, 0.0, 0.0, 0.0, 0.0]
CPU_IDLE:[0.0, 0.0, 1.0, 1.0, 0.0, 1.0, 1.0, 0.0, 1.0, 0.0]
time_stamp:[11179934.305139173, 11179934.343366845, 11179934.43599921, 11179934.530021317, 11179934.618025985, 11179934.7021844, 11179934.788761737, 11179934.876565829, 11179934.96744121, 11179935.054405492]
MEMORY:[2.2, 2.2, 2.2, 2.2, 2.2, 2.2, 2.2, 2.2, 2.2, 2.2]
TIMES:[0.04796689189970493, 0.016275428235530853, 0.01851852983236313, 0.006375908851623535, 0.008356302976608276, 0.013669667765498161, 0.002090027555823326, 0.011728048324584961, 0.0010511800646781921, 0.005040720105171204]
read_count:[1000296, 15560682, 139161984512, 2296926609920, 6273308, 524285212, 1000296, 15560683, 139161984512, 2296926614016, 6273308, 524285212, 1000296, 15560685, 139161984512, 2296926622208, 6273308, 524285212, 1000296, 15560687, 139161984512, 2296926630400, 6273308, 524285212, 1000296, 15560689, 139161984512, 2296926638592, 6273308, 524285212, 1000296, 15560691, 139161984512, 2296926646784, 6273308, 524285212, 1000296, 15560693, 139161984512, 2296926654976, 6273308, 524285212, 1000296, 15560695, 139161984512, 2296926663168, 6273308, 524285212, 1000296, 15560697, 139161984512, 2296926671360, 6273308, 524285212, 1000296, 15560699, 139161984512, 2296926679552, 6273308, 524285216]
write_counter:[]
read_bytes:[]
write_bytes:[]
read_time:[]
write_time:[]
bytes_recv:[210140039430, 210140045348, 210140074050, 210140097768, 210140122910, 210140148052, 210140183162, 210140191850, 210140234870, 210140258510]
packets_recv:[2515486850, 2515486858, 2515486881, 2515486901, 2515486922, 2515486943, 2515486971, 2515486979, 2515487014, 2515487033]
