CPU_UTIL:[0.0, 0.0, 0.0, 0.0, 0.0, 0.0, 0.0, 0.0, 0.0, 8.3]
CPU_USER:[0.0, 0.6, 0.0, 1.0, 0.0, 0.7, 1.0, 0.8, 0.0, 0.9]
CPU_SYSTEM:[0.0, 0.0, 1.0, 1.0, 0.0, 0.0, 0.0, 0.0, 0.0, 0.0]
CPU_IDLE:[1.0, 0.0, 0.0, 1.0, 1.0, 1.0, 1.0, 1.0, 0.0, 0.0]
time_stamp:[11179629.768453235, 11179629.90613205, 11179630.003125587, 11179630.087290592, 11179630.205983259, 11179630.325743504, 11179630.408244992, 11179630.50756796, 11179630.607255228, 11179630.701916637]
MEMORY:[2.2, 2.2, 2.2, 2.2, 2.2, 2.2, 2.2, 2.2, 2.2, 2.2]
TIMES:[0.051426032558083534, 0.00929773598909378, 0.018342001363635063, 0.003130760043859482, 0.019161244854331017, 0.026474082842469215, 0.0038620345294475555, 0.010290024802088737, 0.0029522664844989777, 0.018029073253273964]
read_count:[1000294, 15560429, 139161976320, 2296923394560, 6273264, 524284400, 1000294, 15560429, 139161976320, 2296923394560, 6273264, 524284400, 1000294, 15560430, 139161976320, 2296923398656, 6273264, 524284400, 1000294, 15560431, 139161976320, 2296923402752, 6273264, 524284400, 1000294, 15560432, 139161976320, 2296923406848, 6273264, 524284400, 1000294, 15560433, 139161976320, 2296923410944, 6273264, 524284400, 1000294, 15560434, 139161976320, 2296923415040, 6273264, 524284400, 1000294, 15560435, 139161976320, 2296923419136, 6273264, 524284400, 1000294, 15560436, 139161976320, 2296923423232, 6273264, 524284400, 1000294, 15560437, 139161976320, 2296923427328, 6273264, 524284400]
write_counter:[]
read_bytes:[]
write_bytes:[]
read_time:[]
write_time:[]
bytes_recv:[210137323009, 210137333919, 210137345009, 210137346787, 210137356069, 210137368233, 210137372783, 210137377653, 210137391093, 210137397151]
packets_recv:[2515483047, 2515483066, 2515483086, 2515483092, 2515483107, 2515483123, 2515483130, 2515483140, 2515483156, 2515483164]
