CPU_UTIL:[0.0, 0.0, 0.0, 16.7, 0.0, 33.3, 25.0, 0.0, 0.0, 0.0]
CPU_USER:[0.0, 0.0, 0.0, 0.0, 0.0, 0.0, 0.0, 0.0, 0.0, 0.0]
CPU_SYSTEM:[0.0, 0.0, 0.0, 0.0, 0.0, 0.0, 0.0, 0.0, 0.0, 0.0]
CPU_IDLE:[1.0, 1.0, 1.0, 1.0, 0.0, 1.0, 0.0, 0.0, 1.0, 1.0]
message_length:[[1311, 1311, 1311, 1311, 1311, 1311, 1311, 1311, 1311, 1311], [1311, 1311, 1311, 1311, 1311, 1311, 1311, 1311, 1311, 1311], [1311, 1311, 1311, 1311, 1311, 1311, 1311, 1311, 1311, 1311], [1311, 1311, 1311, 1311, 1311, 1311, 1311, 1311, 1311, 1311], [1311, 1311, 1311, 1311, 1311, 1311, 1311, 1311, 1311, 1311], [1311, 1311, 1311, 1311, 1311, 1311, 1311, 1311, 1311, 1311], [1311, 1311, 1311, 1311, 1311, 1311, 1311, 1311, 1311, 1311], [1311, 1311, 1311, 1311, 1311, 1311, 1311, 1311, 1311, 1311], [1311, 1311, 1311, 1311, 1311, 1311, 1311, 1311, 1311, 1311], [1311, 1311, 1311, 1311, 1311, 1311, 1311, 1311, 1311, 1311]]
time_stamp:[11181745.705500675, 11181745.745352227, 11181745.826778544, 11181745.908603426, 11181745.98599361, 11181746.066065572, 11181746.14578874, 11181746.225989755, 11181746.307191513, 11181746.387062527]
MEMORY:[2.2, 2.2, 2.2, 2.2, 2.2, 2.2, 2.2, 2.2, 2.2, 2.2]
TIMES:[0.04831922426819801, 0.008758509531617165, 0.002151966094970703, 0.003871675580739975, 0.008863436058163643, 0.00199836865067482, 0.0019402317702770233, 0.001969011500477791, 0.0031649190932512283, 0.009847687557339668]
read_count:[1004316, 15565066, 139185694208, 2297097654784, 6280104, 524344812, 1004316, 15565067, 139185694208, 2297097658880, 6280104, 524344812, 1004316, 15565068, 139185694208, 2297097662976, 6280104, 524344816, 1004316, 15565069, 139185694208, 2297097667072, 6280104, 524344816, 1004316, 15565070, 139185694208, 2297097671168, 6280104, 524344816, 1004316, 15565071, 139185694208, 2297097675264, 6280104, 524344816, 1004316, 15565072, 139185694208, 2297097679360, 6280104, 524344816, 1004316, 15565073, 139185694208, 2297097683456, 6280104, 524344816, 1004316, 15565074, 139185694208, 2297097687552, 6280104, 524344816, 1004316, 15565075, 139185694208, 2297097691648, 6280104, 524344816]
write_counter:[]
read_bytes:[]
write_bytes:[]
read_time:[]
write_time:[]
bytes_recv:[210161417412, 210161421962, 210161446382, 210161460870, 210161475142, 210161489420, 210161503628, 210161517836, 210161530690, 210161546454]
