CPU_UTIL:[0.0, 0.0, 0.0, 0.0, 0.0, 10.0, 10.0, 0.0, 0.0, 0.0]
CPU_USER:[0.0, 0.0, 0.0, 0.4, 0.0, 0.5, 0.0, 0.0, 0.0, 0.0]
CPU_SYSTEM:[0.0, 0.0, 0.0, 0.0, 0.0, 0.0, 0.0, 0.0, 0.0, 0.0]
CPU_IDLE:[0.0, 1.0, 1.0, 0.0, 1.0, 1.0, 1.0, 0.0, 1.0, 1.0]
message_length:[[4329, 4329, 4329, 4329, 4329, 4329, 4329, 4329, 4329, 4329], [4329, 4329, 4329, 4329, 4329, 4329, 4329, 4329, 4329, 4329], [4329, 4329, 4329, 4329, 4329, 4329, 4329, 4329, 4329, 4329], [4329, 4329, 4329, 4329, 4329, 4329, 4329, 4329, 4329, 4329], [4329, 4329, 4329, 4329, 4329, 4329, 4329, 4329, 4329, 4329], [4329, 4329, 4329, 4329, 4329, 4329, 4329, 4329, 4329, 4329], [4329, 4329, 4329, 4329, 4329, 4329, 4329, 4329, 4329, 4329], [4329, 4329, 4329, 4329, 4329, 4329, 4329, 4329, 4329, 4329], [4329, 4329, 4329, 4329, 4329, 4329, 4329, 4329, 4329, 4329], [4329, 4329, 4329, 4329, 4329, 4329, 4329, 4329, 4329, 4329]]
time_stamp:[11182100.16482004, 11182100.36464942, 11182100.584828457, 11182100.77278226, 11182100.944805847, 11182101.124538282, 11182101.3447281, 11182101.572821824, 11182101.78499029, 11182101.985142928]
MEMORY:[2.2, 2.2, 2.2, 2.2, 2.2, 2.2, 2.2, 2.2, 2.2, 2.2]
TIMES:[0.06766991317272186, 0.007360689342021942, 0.007272828370332718, 0.007430436089634895, 0.007751546800136566, 0.0070660971105098724, 0.006669370457530022, 0.007076475769281387, 0.007533686235547066, 0.007457692176103592]
read_count:[1004316, 15565510, 139185694208, 2297101267456, 6280104, 524347884, 1004316, 15565510, 139185694208, 2297101267456, 6280104, 524347884, 1004316, 15565511, 139185694208, 2297101271552, 6280104, 524347884, 1004316, 15565512, 139185694208, 2297101275648, 6280104, 524347884, 1004316, 15565513, 139185694208, 2297101279744, 6280104, 524347884, 1004316, 15565514, 139185694208, 2297101283840, 6280104, 524347884, 1004316, 15565515, 139185694208, 2297101287936, 6280104, 524347884, 1004316, 15565516, 139185694208, 2297101292032, 6280104, 524347884, 1004316, 15565517, 139185694208, 2297101296128, 6280104, 524347884, 1004316, 15565518, 139185694208, 2297101300224, 6280104, 524347884]
write_counter:[]
read_bytes:[]
write_bytes:[]
read_time:[]
write_time:[]
bytes_recv:[210164511665, 210164566207, 210164612135, 210164658063, 210164704055, 210164750053, 210164796051, 210164842043, 210164888041, 210164934039]
