CPU_UTIL:[0.0, 0.0, 5.6, 0.0, 5.9, 6.3, 0.0, 5.9, 5.9, 0.0]
CPU_USER:[0.0, 0.0, 1.0, 0.8, 1.0, 1.0, 0.0, 1.0, 1.0, 0.0]
CPU_SYSTEM:[0.0, 0.0, 0.0, 0.0, 1.0, 0.0, 0.0, 0.0, 0.0, 1.0]
CPU_IDLE:[0.0, 0.0, 0.0, 1.0, 0.0, 0.0, 1.0, 1.0, 1.0, 0.0]
message_length:[[1307, 1307, 1307, 1307, 1307, 1307, 1307, 1307, 1307, 1307], [1307, 1307, 1307, 1307, 1307, 1307, 1307, 1307, 1307, 1307], [1307, 1307, 1307, 1307, 1307, 1307, 1307, 1307, 1307, 1307], [1307, 1307, 1307, 1307, 1307, 1307, 1307, 1307, 1307, 1307], [1307, 1307, 1307, 1307, 1307, 1307, 1307, 1307, 1307, 1307], [1307, 1307, 1307, 1307, 1307, 1307, 1307, 1307, 1307, 1307], [1307, 1307, 1307, 1307, 1307, 1307, 1307, 1307, 1307, 1307], [1307, 1307, 1307, 1307, 1307, 1307, 1307, 1307, 1307, 1307], [1307, 1307, 1307, 1307, 1307, 1307, 1307, 1307, 1307, 1307], [1307, 1307, 1307, 1307, 1307, 1307, 1307, 1307, 1307, 1307]]
time_stamp:[11181905.893059604, 11181905.947120333, 11181906.031568907, 11181906.130998883, 11181906.21123533, 11181906.290786397, 11181906.39130624, 11181906.471280292, 11181906.551773077, 11181906.651263878]
MEMORY:[2.2, 2.2, 2.2, 2.2, 2.2, 2.2, 2.2, 2.2, 2.2, 2.2]
TIMES:[0.028135856613516808, 0.010279335081577301, 0.014233779162168503, 0.013255031779408455, 0.013738194480538368, 0.013100996613502502, 0.03415147215127945, 0.013610409572720528, 0.013980226591229439, 0.013618873432278633]
read_count:[1004316, 15565319, 139185694208, 2297099608576, 6280104, 524346144, 1004316, 15565320, 139185694208, 2297099612672, 6280104, 524346144, 1004316, 15565322, 139185694208, 2297099620864, 6280104, 524346144, 1004316, 15565324, 139185694208, 2297099629056, 6280104, 524346144, 1004316, 15565326, 139185694208, 2297099637248, 6280104, 524346144, 1004316, 15565328, 139185694208, 2297099645440, 6280104, 524346144, 1004316, 15565330, 139185694208, 2297099653632, 6280104, 524346144, 1004316, 15565332, 139185694208, 2297099661824, 6280104, 524346144, 1004316, 15565334, 139185694208, 2297099670016, 6280104, 524346144, 1004316, 15565336, 139185694208, 2297099678208, 6280104, 524346144]
write_counter:[]
read_bytes:[]
write_bytes:[]
read_time:[]
write_time:[]
bytes_recv:[210162921054, 210162928318, 210162936650, 210162963138, 210162977166, 210162991194, 210163005286, 210163019314, 210163033342, 210163047292]
