CPU_UTIL:[0.0, 0.0, 0.0, 0.0, 0.0, 0.0, 12.5, 50.0, 0.0, 0.0]
CPU_USER:[1.5, 2.0, 1.0, 1.0, 2.0, 0.0, 2.0, 2.0, 0.0, 2.0]
CPU_SYSTEM:[0.0, 0.0, 0.0, 0.0, 0.0, 0.0, 0.0, 0.0, 0.0, 0.0]
CPU_IDLE:[1.0, 0.0, 0.0, 0.0, 0.0, 0.0, 1.0, 0.0, 1.0, 0.0]
message_length:[[1340, 1340, 1340, 1340, 1340, 1340, 1340, 1340, 1340, 1340], [1340, 1340, 1340, 1340, 1340, 1340, 1340, 1340, 1340, 1340], [1340, 1340, 1340, 1340, 1340, 1340, 1340, 1340, 1340, 1340], [1340, 1340, 1340, 1340, 1340, 1340, 1340, 1340, 1340, 1340], [1340, 1340, 1340, 1340, 1340, 1340, 1340, 1340, 1340, 1340], [1340, 1340, 1340, 1340, 1340, 1340, 1340, 1340, 1340, 1340], [1340, 1340, 1340, 1340, 1340, 1340, 1340, 1340, 1340, 1340], [1340, 1340, 1340, 1340, 1340, 1340, 1340, 1340, 1340, 1340], [1340, 1340, 1340, 1340, 1340, 1340, 1340, 1340, 1340, 1340], [1340, 1340, 1340, 1340, 1340, 1340, 1340, 1340, 1340, 1340]]
time_stamp:[846.146724035, 846.186646072, 846.211872145, 846.229943559, 846.248659065, 846.270889144, 846.292216006, 846.308535957, 846.325187106, 846.341969727]
MEMORY:[31.1, 31.1, 31.1, 31.1, 31.1, 31.1, 31.1, 31.1, 31.1, 31.1]
TIMES:[0.004273256000033143, 0.007189743000026283, 0.0008183459999600018, 0.001762185999950816, 0.00037012799998592527, 0.0018412570000236883, 0.00965777800001888, 0.0007440030000225306, 0.004554456000050777, 0.001516337999987627]
read_bytes:[1645594624, 1645594624, 1645594624, 1645594624, 1645594624, 1645594624, 1645594624, 1645594624, 1645594624, 1645594624]
write_bytes:[222995456, 222995456, 222999552, 223003648, 223007744, 223011840, 223015936, 223020032, 223024128, 223028224]
read_time:[32540, 32540, 32540, 32540, 32540, 32540, 32540, 32540, 32540, 32540]
write_time:[10204, 10204, 10212, 10212, 10212, 10212, 10212, 10212, 10212, 10212]
bytes_recv:[18764962, 18781446, 18800228, 18816540, 18825622, 18848984, 18870766, 18881568, 18897766, 18902002]
start_value_disk:222995456
start_value_bytes_rec:18748862
