CPU_UTIL:[0.0, 0.0, 0.0, 10.0, 0.0, 0.0, 0.0, 0.0, 0.0, 0.0]
CPU_USER:[0.0, 0.0, 0.0, 0.3, 0.0, 0.0, 0.3, 0.0, 0.0, 0.3]
CPU_SYSTEM:[0.0, 0.0, 0.0, 0.0, 0.0, 0.0, 0.0, 0.0, 0.0, 0.0]
CPU_IDLE:[1.0, 0.0, 0.0, 0.0, 1.0, 1.0, 1.0, 1.0, 0.0, 0.0]
time_stamp:[11179958.187762275, 11179958.425196089, 11179958.67288204, 11179958.924504356, 11179959.17288262, 11179959.412989456, 11179959.664771749, 11179959.884830624, 11179960.132778509, 11179960.384856744]
MEMORY:[2.2, 2.2, 2.2, 2.2, 2.2, 2.2, 2.2, 2.2, 2.2, 2.2]
TIMES:[0.04323487728834152, 0.007770132273435593, 0.007291089743375778, 0.007061885669827461, 0.007255518808960915, 0.007101347669959068, 0.019217712804675102, 0.007889175787568092, 0.00706099346280098, 0.02750570699572563]
read_count:[1000296, 15560702, 139161984512, 2296926724608, 6273308, 524285260, 1000296, 15560702, 139161984512, 2296926724608, 6273308, 524285260, 1000296, 15560703, 139161984512, 2296926728704, 6273308, 524285260, 1000296, 15560704, 139161984512, 2296926732800, 6273308, 524285260, 1000296, 15560705, 139161984512, 2296926736896, 6273308, 524285260, 1000296, 15560706, 139161984512, 2296926740992, 6273308, 524285260, 1000296, 15560707, 139161984512, 2296926745088, 6273308, 524285260, 1000296, 15560708, 139161984512, 2296926749184, 6273308, 524285260, 1000296, 15560709, 139161984512, 2296926753280, 6273308, 524285260, 1000296, 15560710, 139161984512, 2296926757376, 6273308, 524285260]
write_counter:[]
read_bytes:[]
write_bytes:[]
read_time:[]
write_time:[]
bytes_recv:[210140326211, 210140380817, 210140425321, 210140472673, 210140515753, 210140564599, 210140609103, 210140655101, 210140702779, 210140749845]
packets_recv:[2515487208, 2515487253, 2515487289, 2515487327, 2515487362, 2515487402, 2515487438, 2515487477, 2515487519, 2515487563]
