CPU_UTIL:[0.0, 0.0, 0.0, 0.0, 0.0, 0.0, 0.0, 0.0, 0.0, 0.0]
CPU_USER:[0.0, 0.0, 0.0, 0.0, 0.9, 0.0, 1.0, 0.0, 0.0, 1.0]
CPU_SYSTEM:[0.0, 0.0, 0.0, 0.0, 0.0, 0.0, 0.0, 0.0, 0.0, 0.0]
CPU_IDLE:[0.0, 0.0, 1.0, 0.0, 1.0, 0.0, 1.0, 0.0, 0.0, 1.0]
time_stamp:[11179920.274542175, 11179920.3912852, 11179920.478948304, 11179920.56371842, 11179920.651735893, 11179920.733981546, 11179920.82114734, 11179920.985444704, 11179921.078735892, 11179921.164696392]
MEMORY:[2.2, 2.2, 2.2, 2.2, 2.2, 2.2, 2.2, 2.2, 2.2, 2.2]
TIMES:[0.05736116133630276, 0.0008698552846908569, 0.007187524810433388, 0.006104791536927223, 0.0102248415350914, 0.00848332792520523, 0.003705739974975586, 0.0756945051252842, 0.013519225642085075, 0.007188510149717331]
read_count:[1000296, 15560670, 139161984512, 2296926532096, 6273308, 524285172, 1000296, 15560670, 139161984512, 2296926532096, 6273308, 524285172, 1000296, 15560671, 139161984512, 2296926536192, 6273308, 524285172, 1000296, 15560672, 139161984512, 2296926540288, 6273308, 524285172, 1000296, 15560673, 139161984512, 2296926544384, 6273308, 524285172, 1000296, 15560674, 139161984512, 2296926548480, 6273308, 524285172, 1000296, 15560675, 139161984512, 2296926552576, 6273308, 524285172, 1000296, 15560676, 139161984512, 2296926556672, 6273308, 524285172, 1000296, 15560677, 139161984512, 2296926560768, 6273308, 524285172, 1000296, 15560678, 139161984512, 2296926564864, 6273308, 524285172]
write_counter:[]
read_bytes:[]
write_bytes:[]
read_time:[]
write_time:[]
bytes_recv:[210139743304, 210139790130, 210139818190, 210139847674, 210139870038, 210139885994, 210139920462, 210139952858, 210139969526, 210139996084]
packets_recv:[2515486544, 2515486584, 2515486608, 2515486633, 2515486653, 2515486668, 2515486697, 2515486725, 2515486741, 2515486763]
