CPU_UTIL:[3.2, 0.0, 0.0, 0.0, 0.0, 0.0, 0.0, 0.0, 0.0, 0.0]
CPU_USER:[0.0, 0.0, 0.8, 0.0, 0.0, 0.0, 1.0, 0.0, 0.8, 0.0]
CPU_SYSTEM:[0.0, 0.0, 0.0, 0.0, 0.0, 0.0, 0.0, 0.0, 0.0, 0.0]
CPU_IDLE:[0.0, 0.0, 1.0, 0.0, 1.0, 1.0, 1.0, 1.0, 1.0, 0.0]
time_stamp:[11179509.76138972, 11179509.825292395, 11179509.933955608, 11179510.005905189, 11179510.093949609, 11179510.185720123, 11179510.2738175, 11179510.365325976, 11179510.473758247, 11179510.573753104]
MEMORY:[2.2, 2.2, 2.2, 2.2, 2.2, 2.2, 2.2, 2.2, 2.2, 2.2]
TIMES:[0.024210888892412186, 0.008424041792750359, 0.016750719398260117, 0.008662216365337372, 0.008559884503483772, 0.008476069197058678, 0.008541969582438469, 0.008228018879890442, 0.008491339161992073, 0.008495364338159561]
read_count:[1000294, 15560300, 139161976320, 2296922640896, 6273264, 524284088, 1000294, 15560301, 139161976320, 2296922644992, 6273264, 524284088, 1000294, 15560303, 139161976320, 2296922653184, 6273264, 524284088, 1000294, 15560305, 139161976320, 2296922661376, 6273264, 524284088, 1000294, 15560307, 139161976320, 2296922669568, 6273264, 524284088, 1000294, 15560309, 139161976320, 2296922677760, 6273264, 524284088, 1000294, 15560311, 139161976320, 2296922685952, 6273264, 524284088, 1000294, 15560313, 139161976320, 2296922694144, 6273264, 524284088, 1000294, 15560315, 139161976320, 2296922702336, 6273264, 524284088, 1000294, 15560317, 139161976320, 2296922710528, 6273264, 524284088]
write_counter:[]
read_bytes:[]
write_bytes:[]
read_time:[]
write_time:[]
bytes_recv:[210136630696, 210136639384, 210136659892, 210136670004, 210136681722, 210136693680, 210136706926, 210136718722, 210136728834, 210136742080]
packets_recv:[2515481676, 2515481684, 2515481705, 2515481714, 2515481727, 2515481741, 2515481754, 2515481766, 2515481775, 2515481789]
