CPU_UTIL:[0.0, 0.0, 0.0, 0.0, 0.0, 0.0, 0.0, 0.0, 0.0, 0.0]
CPU_USER:[0.0, 0.0, 0.0, 0.0, 0.0, 1.0, 0.0, 1.0, 0.0, 1.0]
CPU_SYSTEM:[0.0, 0.0, 0.0, 0.0, 0.0, 0.0, 0.0, 0.0, 0.0, 0.0]
CPU_IDLE:[1.0, 1.0, 1.0, 1.0, 1.0, 1.0, 0.0, 1.0, 1.0, 1.0]
time_stamp:[11162235.601722488, 11162235.635972705, 11162235.651074456, 11162235.658689115, 11162235.67424386, 11162235.683851281, 11162235.698261986, 11162235.717968576, 11162235.729384627, 11162235.742645524]
MEMORY:[2.2, 2.2, 2.2, 2.2, 2.2, 2.2, 2.2, 2.2, 2.2, 2.2]
TIMES:[0.0433720126748085, 0.00029239989817142487, 0.004210270941257477, 0.0004469528794288635, 0.0025370419025421143, 0.002490496262907982, 0.007242990657687187, 0.0017469581216573715, 0.002071864902973175, 0.0020996201783418655]
read_count:[1000210, 15555218, 139159215616, 2296861504000, 6271784, 524267784, 1000210, 15555218, 139159215616, 2296861504000, 6271784, 524267784, 1000210, 15555219, 139159215616, 2296861508096, 6271784, 524267784, 1000210, 15555220, 139159215616, 2296861512192, 6271784, 524267784, 1000210, 15555221, 139159215616, 2296861516288, 6271784, 524267784, 1000210, 15555222, 139159215616, 2296861520384, 6271784, 524267784, 1000210, 15555223, 139159215616, 2296861524480, 6271784, 524267784, 1000210, 15555224, 139159215616, 2296861528576, 6271784, 524267784, 1000210, 15555225, 139159215616, 2296861532672, 6271784, 524267784, 1000210, 15555226, 139159215616, 2296861536768, 6271784, 524267784]
write_counter:[]
read_bytes:[]
write_bytes:[]
read_time:[]
write_time:[]
bytes_recv:[210089894447, 210089909899, 210089926633, 210089936255, 210089955355, 210089968063, 210089969575, 210089992139, 210089996079, 210090018047]
packets_recv:[2515378301, 2515378317, 2515378333, 2515378343, 2515378364, 2515378379, 2515378381, 2515378405, 2515378409, 2515378431]
