CPU_UTIL:[1.4, 0.0, 2.5, 0.0, 0.0, 0.0, 0.0, 2.1, 0.0, 0.0]
CPU_USER:[0.0, 0.0, 0.0, 1.0, 0.0, 0.0, 1.0, 1.0, 0.0, 0.0]
CPU_SYSTEM:[0.0, 0.0, 0.0, 0.0, 0.0, 0.0, 0.0, 0.0, 1.0, 0.0]
CPU_IDLE:[0.0, 0.0, 0.0, 1.0, 1.0, 1.0, 0.0, 0.0, 0.0, 1.0]
message_length:[[515, 515, 515, 515, 515, 515, 515, 515, 515, 515], [515, 515, 515, 515, 515, 515, 515, 515, 515, 515], [515, 515, 515, 515, 515, 515, 515, 515, 515, 515], [515, 515, 515, 515, 515, 515, 515, 515, 515, 515], [515, 515, 515, 515, 515, 515, 515, 515, 515, 515], [515, 515, 515, 515, 515, 515, 515, 515, 515, 515], [515, 515, 515, 515, 515, 515, 515, 515, 515, 515], [515, 515, 515, 515, 515, 515, 515, 515, 515, 515], [515, 515, 515, 515, 515, 515, 515, 515, 515, 515], [515, 515, 515, 515, 515, 515, 515, 515, 515, 515]]
time_stamp:[11181785.444587748, 11181785.494230904, 11181785.56930016, 11181785.65214534, 11181785.73555036, 11181785.81834478, 11181785.901223032, 11181785.976414224, 11181786.059153004, 11181786.133649504]
MEMORY:[2.2, 2.2, 2.2, 2.2, 2.2, 2.2, 2.2, 2.2, 2.2, 2.2]
TIMES:[0.060221562162041664, 0.03760780952870846, 0.0317685641348362, 0.03432203270494938, 0.03813352808356285, 0.04105564020574093, 0.03595283254981041, 0.03848894312977791, 0.033682530745863914, 0.03582153096795082]
read_count:[1004316, 15565134, 139185694208, 2297098215936, 6280104, 524345272, 1004316, 15565137, 139185694208, 2297098260992, 6280104, 524345300, 1004316, 15565141, 139185694208, 2297098297856, 6280104, 524345324, 1004316, 15565145, 139185694208, 2297098334720, 6280104, 524345348, 1004316, 15565149, 139185694208, 2297098371584, 6280104, 524345380, 1004316, 15565153, 139185694208, 2297098408448, 6280104, 524345404, 1004316, 15565157, 139185694208, 2297098445312, 6280104, 524345432, 1004316, 15565161, 139185694208, 2297098482176, 6280104, 524345464, 1004316, 15565165, 139185694208, 2297098519040, 6280104, 524345488, 1004316, 15565169, 139185694208, 2297098555904, 6280104, 524345516]
write_counter:[]
read_bytes:[]
write_bytes:[]
read_time:[]
write_time:[]
bytes_recv:[210161806015, 210161811767, 210161817455, 210161823143, 210161828831, 210161834519, 210161840207, 210161846557, 210161852245, 210161857855]
