CPU_UTIL:[0.0, 0.0, 8.0, 0.0, 16.7, 14.3, 0.0, 0.0, 14.3, 16.7]
CPU_USER:[0.0, 0.0, 0.9, 0.0, 1.8, 1.0, 0.9, 2.0, 0.0, 1.0]
CPU_SYSTEM:[0.0, 0.0, 0.0, 0.0, 0.0, 0.0, 0.0, 0.0, 0.0, 0.0]
CPU_IDLE:[0.0, 1.0, 1.0, 1.0, 1.0, 0.0, 0.0, 1.0, 1.0, 0.0]
message_length:[[1203, 1203, 1203, 1203, 1203, 1203, 1203, 1203, 1203, 1203], [1203, 1203, 1203, 1203, 1203, 1203, 1203, 1203, 1203, 1203], [1203, 1203, 1203, 1203, 1203, 1203, 1203, 1203, 1203, 1203], [1203, 1203, 1203, 1203, 1203, 1203, 1203, 1203, 1203, 1203], [1203, 1203, 1203, 1203, 1203, 1203, 1203, 1203, 1203, 1203], [1203, 1203, 1203, 1203, 1203, 1203, 1203, 1203, 1203, 1203], [1203, 1203, 1203, 1203, 1203, 1203, 1203, 1203, 1203, 1203], [1203, 1203, 1203, 1203, 1203, 1203, 1203, 1203, 1203, 1203], [1203, 1203, 1203, 1203, 1203, 1203, 1203, 1203, 1203, 1203], [1203, 1203, 1203, 1203, 1203, 1203, 1203, 1203, 1203, 1203]]
time_stamp:[11181846.720201012, 11181846.787587676, 11181846.883408504, 11181846.977167089, 11181847.069080152, 11181847.157608448, 11181847.248964945, 11181847.328848569, 11181847.40944954, 11181847.4971225]
MEMORY:[2.2, 2.2, 2.2, 2.2, 2.2, 2.2, 2.2, 2.2, 2.2, 2.2]
TIMES:[0.022592244669795036, 0.01060466654598713, 0.019270790740847588, 0.004414370283484459, 0.004664689302444458, 0.005006944760680199, 0.004450084641575813, 0.004361037164926529, 0.004935223609209061, 0.004369201138615608]
read_count:[1004316, 15565267, 139185694208, 2297099305472, 6280104, 524346008, 1004316, 15565267, 139185694208, 2297099305472, 6280104, 524346008, 1004316, 15565268, 139185694208, 2297099309568, 6280104, 524346008, 1004316, 15565269, 139185694208, 2297099313664, 6280104, 524346008, 1004316, 15565270, 139185694208, 2297099317760, 6280104, 524346008, 1004316, 15565271, 139185694208, 2297099321856, 6280104, 524346008, 1004316, 15565272, 139185694208, 2297099325952, 6280104, 524346008, 1004316, 15565273, 139185694208, 2297099330048, 6280104, 524346008, 1004316, 15565274, 139185694208, 2297099334144, 6280104, 524346008, 1004316, 15565275, 139185694208, 2297099338240, 6280104, 524346008]
write_counter:[]
read_bytes:[]
write_bytes:[]
read_time:[]
write_time:[]
bytes_recv:[210162385449, 210162397685, 210162413899, 210162427237, 210162440715, 210162454053, 210162467427, 210162480905, 210162494453, 210162507853]
