CPU_UTIL:[2.3, 7.7, 0.0, 16.7, 9.1, 0.0, 8.3, 0.0, 7.7, 16.7]
CPU_USER:[0.0, 1.0, 0.0, 1.0, 1.0, 0.0, 1.0, 0.0, 1.0, 1.0]
CPU_SYSTEM:[0.0, 0.0, 0.0, 0.0, 0.0, 0.0, 0.0, 0.0, 0.0, 0.0]
CPU_IDLE:[0.0, 0.0, 1.0, 0.0, 0.0, 1.0, 0.0, 0.0, 0.0, 0.0]
message_length:[[1425, 1425, 1425, 1425, 1425, 1425, 1425, 1425, 1425, 1425], [1425, 1425, 1425, 1425, 1425, 1425, 1425, 1425, 1425, 1425], [1425, 1425, 1425, 1425, 1425, 1425, 1425, 1425, 1425, 1425], [1425, 1425, 1425, 1425, 1425, 1425, 1425, 1425, 1425, 1425], [1425, 1425, 1425, 1425, 1425, 1425, 1425, 1425, 1425, 1425], [1425, 1425, 1425, 1425, 1425, 1425, 1425, 1425, 1425, 1425], [1425, 1425, 1425, 1425, 1425, 1425, 1425, 1425, 1425, 1425], [1425, 1425, 1425, 1425, 1425, 1425, 1425, 1425, 1425, 1425], [1425, 1425, 1425, 1425, 1425, 1425, 1425, 1425, 1425, 1425], [1425, 1425, 1425, 1425, 1425, 1425, 1425, 1425, 1425, 1425]]
time_stamp:[960.88084723, 960.961249411, 961.042528742, 961.124820877, 961.208704764, 961.293347367, 961.374118849, 961.454801945, 961.540138816, 961.618099445]
MEMORY:[31.1, 31.1, 31.1, 31.1, 31.1, 31.1, 31.1, 31.1, 31.1, 31.1]
TIMES:[0.0541391179999664, 0.015652679000027092, 0.01429423100000804, 0.013595072000043729, 0.014056837999987692, 0.015363666999974157, 0.014760915000010755, 0.013256424000019251, 0.017083851000052164, 0.01457166000000143]
read_bytes:[1645717504, 1645717504, 1645717504, 1645717504, 1645717504, 1645717504, 1645717504, 1645717504, 1645717504, 1645717504]
write_bytes:[225309696, 225309696, 225330176, 225334272, 225338368, 225342464, 225346560, 225350656, 225354752, 225358848]
read_time:[32548, 32548, 32548, 32548, 32548, 32548, 32548, 32548, 32548, 32548]
write_time:[10828, 10828, 10836, 10836, 10836, 10840, 10840, 10844, 10848, 10848]
bytes_recv:[20013277, 20030731, 20050230, 20068402, 20086610, 20104120, 20121250, 20139254, 20159045, 20175160]
start_value_disk:225281024
start_value_bytes_rec:20006485
