CPU_UTIL:[0.0, 0.0, 0.0, 9.1, 0.0, 0.0, 0.0, 0.0, 0.0, 0.0]
CPU_USER:[0.0, 0.0, 0.0, 1.0, 0.0, 0.0, 0.0, 0.0, 0.0, 0.0]
CPU_SYSTEM:[0.0, 0.0, 0.0, 0.0, 0.0, 0.0, 0.0, 0.0, 0.0, 0.0]
CPU_IDLE:[0.0, 0.0, 1.0, 0.0, 0.0, 0.0, 1.0, 1.0, 0.0, 0.0]
time_stamp:[11179497.79412572, 11179497.926057896, 11179498.006282577, 11179498.10483312, 11179498.186509939, 11179498.280178728, 11179498.384811323, 11179498.485885676, 11179498.566083051, 11179498.645837078]
MEMORY:[2.2, 2.2, 2.2, 2.2, 2.2, 2.2, 2.2, 2.2, 2.2, 2.2]
TIMES:[0.03663725592195988, 0.008747955784201622, 0.002036863937973976, 0.008112180978059769, 0.002063509076833725, 0.016391552984714508, 0.008076779544353485, 0.0018689334392547607, 0.0018105730414390564, 0.0017387252300977707]
read_count:[1000294, 15560288, 139161976320, 2296922563072, 6273264, 524284044, 1000294, 15560288, 139161976320, 2296922563072, 6273264, 524284044, 1000294, 15560289, 139161976320, 2296922567168, 6273264, 524284044, 1000294, 15560290, 139161976320, 2296922571264, 6273264, 524284044, 1000294, 15560291, 139161976320, 2296922575360, 6273264, 524284044, 1000294, 15560292, 139161976320, 2296922579456, 6273264, 524284044, 1000294, 15560293, 139161976320, 2296922583552, 6273264, 524284044, 1000294, 15560294, 139161976320, 2296922587648, 6273264, 524284044, 1000294, 15560295, 139161976320, 2296922591744, 6273264, 524284044, 1000294, 15560296, 139161976320, 2296922595840, 6273264, 524284044]
write_counter:[]
read_bytes:[]
write_bytes:[]
read_time:[]
write_time:[]
bytes_recv:[210136474735, 210136489721, 210136499011, 210136519875, 210136530197, 210136543479, 210136549711, 210136569005, 210136581073, 210136591711]
packets_recv:[2515481375, 2515481395, 2515481411, 2515481438, 2515481449, 2515481464, 2515481475, 2515481498, 2515481515, 2515481531]
