CPU_UTIL:[0.0, 0.0, 7.1, 6.7, 7.7, 5.9, 0.0, 0.0, 0.0, 7.7]
CPU_USER:[1.4, 4.0, 2.0, 4.0, 3.0, 3.0, 2.0, 3.0, 3.0, 2.0]
CPU_SYSTEM:[0.0, 0.0, 0.0, 0.0, 0.0, 0.0, 0.0, 0.0, 0.0, 0.0]
CPU_IDLE:[0.0, 0.0, 0.0, 0.0, 1.0, 0.0, 0.0, 0.0, 0.0, 1.0]
message_length:[[1425, 1425, 1425, 1425, 1425, 1425, 1425, 1425, 1425, 1425], [1425, 1425, 1425, 1425, 1425, 1425, 1425, 1425, 1425, 1425], [1425, 1425, 1425, 1425, 1425, 1425, 1425, 1425, 1425, 1425], [1425, 1425, 1425, 1425, 1425, 1425, 1425, 1425, 1425, 1425], [1425, 1425, 1425, 1425, 1425, 1425, 1425, 1425, 1425, 1425], [1425, 1425, 1425, 1425, 1425, 1425, 1425, 1425, 1425, 1425], [1425, 1425, 1425, 1425, 1425, 1425, 1425, 1425, 1425, 1425], [1425, 1425, 1425, 1425, 1425, 1425, 1425, 1425, 1425, 1425], [1425, 1425, 1425, 1425, 1425, 1425, 1425, 1425, 1425, 1425], [1425, 1425, 1425, 1425, 1425, 1425, 1425, 1425, 1425, 1425]]
time_stamp:[950.036838652, 950.111453056, 950.192347013, 950.277645757, 950.363323532, 950.452111698, 950.533595996, 950.612685588, 950.695483151, 950.779828639]
MEMORY:[31.1, 31.1, 31.1, 31.1, 31.1, 31.1, 31.1, 31.1, 31.1, 31.1]
TIMES:[0.06034788099998423, 0.01764609199994993, 0.01759164099996724, 0.018281637000086448, 0.015521252999974422, 0.02075541900001099, 0.017210381000040798, 0.01573140699997566, 0.013122365000072023, 0.01702329100010047]
read_bytes:[1645717504, 1645717504, 1645717504, 1645717504, 1645717504, 1645717504, 1645717504, 1645717504, 1645717504, 1645717504]
write_bytes:[224916480, 224961536, 224998400, 225035264, 225072128, 225108992, 225145856, 225182720, 225219584, 225256448]
read_time:[32548, 32548, 32548, 32548, 32548, 32548, 32548, 32548, 32548, 32548]
write_time:[10756, 10760, 10760, 10764, 10768, 10768, 10768, 10768, 10772, 10776]
bytes_recv:[19833573, 19849402, 19866498, 19886391, 19903236, 19922939, 19939426, 19957612, 19975898, 19993824]
start_value_disk:224814080
start_value_bytes_rec:19821715
