CPU_UTIL:[0.0, 0.0, 0.0, 7.7, 0.0, 6.7, 0.0, 0.0, 0.0, 0.0]
CPU_USER:[0.0, 0.0, 0.0, 1.7, 0.0, 1.0, 1.0, 1.0, 1.0, 1.0]
CPU_SYSTEM:[1.0, 0.0, 0.0, 0.0, 0.0, 0.0, 0.0, 0.0, 0.0, 0.0]
CPU_IDLE:[1.0, 0.0, 0.0, 1.0, 0.0, 0.0, 1.0, 1.0, 0.0, 0.0]
message_length:[[683, 683, 683, 683, 683, 683, 683, 683, 683, 683], [683, 683, 683, 683, 683, 683, 683, 683, 683, 683], [683, 683, 683, 683, 683, 683, 683, 683, 683, 683], [683, 683, 683, 683, 683, 683, 683, 683, 683, 683], [683, 683, 683, 683, 683, 683, 683, 683, 683, 683], [683, 683, 683, 683, 683, 683, 683, 683, 683, 683], [683, 683, 683, 683, 683, 683, 683, 683, 683, 683], [683, 683, 683, 683, 683, 683, 683, 683, 683, 683], [683, 683, 683, 683, 683, 683, 683, 683, 683, 683], [683, 683, 683, 683, 683, 683, 683, 683, 683, 683]]
time_stamp:[11181834.57930794, 11181834.628223555, 11181834.709823688, 11181834.808258917, 11181834.88883182, 11181834.968313484, 11181835.048362035, 11181835.127836568, 11181835.207939493, 11181835.288129987]
MEMORY:[2.2, 2.2, 2.2, 2.2, 2.2, 2.2, 2.2, 2.2, 2.2, 2.2]
TIMES:[0.042212292551994324, 0.011280020698904991, 0.012166237458586693, 0.010542521253228188, 0.0113589558750391, 0.011234242469072342, 0.010933633893728256, 0.010105147957801819, 0.01061735674738884, 0.010822482407093048]
read_count:[1004316, 15565247, 139185694208, 2297099190784, 6280104, 524345944, 1004316, 15565248, 139185694208, 2297099194880, 6280104, 524345944, 1004316, 15565250, 139185694208, 2297099203072, 6280104, 524345944, 1004316, 15565252, 139185694208, 2297099211264, 6280104, 524345948, 1004316, 15565254, 139185694208, 2297099219456, 6280104, 524345952, 1004316, 15565256, 139185694208, 2297099227648, 6280104, 524345956, 1004316, 15565258, 139185694208, 2297099235840, 6280104, 524345960, 1004316, 15565260, 139185694208, 2297099244032, 6280104, 524345960, 1004316, 15565262, 139185694208, 2297099252224, 6280104, 524345960, 1004316, 15565264, 139185694208, 2297099260416, 6280104, 524345960]
write_counter:[]
read_bytes:[]
write_bytes:[]
read_time:[]
write_time:[]
bytes_recv:[210162284564, 210162288980, 210162297912, 210162308512, 210162316020, 210162324200, 210162331708, 210162339216, 210162346724, 210162354154]
