CPU_UTIL:[0.0, 0.0, 0.0, 0.0, 0.0, 0.0, 0.0, 25.0, 0.0, 0.0]
CPU_USER:[0.0, 0.0, 0.0, 0.0, 0.0, 0.0, 0.0, 0.0, 0.0, 0.6]
CPU_SYSTEM:[0.0, 0.0, 0.0, 0.0, 0.0, 0.0, 0.0, 0.0, 0.0, 0.0]
CPU_IDLE:[1.0, 0.0, 0.0, 0.0, 1.0, 0.0, 0.0, 0.0, 0.0, 1.0]
time_stamp:[11163711.938333519, 11163711.945881031, 11163711.952787766, 11163711.959258504, 11163711.974679835, 11163711.987961384, 11163711.995523948, 11163712.002291905, 11163712.013319656, 11163712.14877831]
MEMORY:[2.2, 2.2, 2.2, 2.2, 2.2, 2.2, 2.2, 2.2, 2.2, 2.2]
TIMES:[0.0020451322197914124, 0.00023797154426574707, 0.0023041144013404846, 0.0016579404473304749, 0.0020446088165044785, 0.002748871222138405, 0.0005134772509336472, 0.0022618304938077927, 0.001664312556385994, 0.0010186489671468735]
read_count:[1000210, 15555715, 139159215616, 2296866611712, 6271784, 524268116, 1000210, 15555716, 139159215616, 2296866615808, 6271784, 524268116, 1000210, 15555718, 139159215616, 2296866624000, 6271784, 524268116, 1000210, 15555720, 139159215616, 2296866632192, 6271784, 524268116, 1000210, 15555722, 139159215616, 2296866640384, 6271784, 524268116, 1000210, 15555724, 139159215616, 2296866648576, 6271784, 524268116, 1000210, 15555726, 139159215616, 2296866656768, 6271784, 524268116, 1000210, 15555728, 139159215616, 2296866664960, 6271784, 524268116, 1000210, 15555730, 139159215616, 2296866673152, 6271784, 524268116, 1000210, 15555732, 139159215616, 2296866681344, 6271784, 524268116]
write_counter:[]
read_bytes:[]
write_bytes:[]
read_time:[]
write_time:[]
bytes_recv:[210096001285, 210096008619, 210096022977, 210096033021, 210096054633, 210096073139, 210096087497, 210096093393, 210096106313, 210096129299]
packets_recv:[2515390096, 2515390103, 2515390120, 2515390126, 2515390145, 2515390162, 2515390176, 2515390181, 2515390193, 2515390212]
