CPU_UTIL:[0.0, 0.0, 0.0, 0.0, 0.0, 0.0, 12.5, 0.0, 0.0, 0.0]
CPU_USER:[1.6, 0.0, 0.0, 1.0, 1.0, 2.0, 1.0, 0.0, 0.0, 1.0]
CPU_SYSTEM:[0.0, 1.0, 0.0, 0.0, 0.0, 0.0, 0.0, 0.0, 0.0, 0.0]
CPU_IDLE:[1.0, 0.0, 0.0, 0.0, 0.0, 0.0, 0.0, 0.0, 0.0, 0.0]
message_length:[[1437, 1437, 1437, 1437, 1437, 1437, 1437, 1437, 1437, 1437], [1437, 1437, 1437, 1437, 1437, 1437, 1437, 1437, 1437, 1437], [1437, 1437, 1437, 1437, 1437, 1437, 1437, 1437, 1437, 1437], [1437, 1437, 1437, 1437, 1437, 1437, 1437, 1437, 1437, 1437], [1437, 1437, 1437, 1437, 1437, 1437, 1437, 1437, 1437, 1437], [1437, 1437, 1437, 1437, 1437, 1437, 1437, 1437, 1437, 1437], [1437, 1437, 1437, 1437, 1437, 1437, 1437, 1437, 1437, 1437], [1437, 1437, 1437, 1437, 1437, 1437, 1437, 1437, 1437, 1437], [1437, 1437, 1437, 1437, 1437, 1437, 1437, 1437, 1437, 1437], [1437, 1437, 1437, 1437, 1437, 1437, 1437, 1437, 1437, 1437]]
time_stamp:[930.122220288, 930.139655733, 930.158621571, 930.185166676, 930.206182724, 930.226489313, 930.261324092, 930.272339369, 930.301023727, 930.33048477]
MEMORY:[31.1, 31.1, 31.1, 31.1, 31.1, 31.1, 31.1, 31.1, 31.1, 31.1]
TIMES:[0.015342302000021846, 0.009552331000008962, 0.006031045000099766, 0.004672289999916757, 0.004755407000061496, 0.005972765000024083, 0.009379102999901079, 0.004889390000016647, 0.007753083000011429, 0.011026228999980958]
read_bytes:[1645717504, 1645717504, 1645717504, 1645717504, 1645717504, 1645717504, 1645717504, 1645717504, 1645717504, 1645717504]
write_bytes:[224363520, 224408576, 224445440, 224482304, 224519168, 224556032, 224592896, 224629760, 224666624, 224703488]
read_time:[32548, 32548, 32548, 32548, 32548, 32548, 32548, 32548, 32548, 32548]
write_time:[10584, 10584, 10588, 10592, 10596, 10600, 10604, 10608, 10612, 10616]
bytes_recv:[19659885, 19674987, 19696175, 19714233, 19732159, 19748711, 19767153, 19772341, 19792537, 19821477]
start_value_disk:224334848
start_value_bytes_rec:19639095
