CPU_UTIL:[0.0, 0.0, 0.0, 18.7, 14.3, 13.3, 11.8, 12.5, 10.5, 9.1]
CPU_USER:[1.4, 2.0, 2.0, 3.0, 3.0, 3.0, 3.0, 3.0, 4.0, 4.0]
CPU_SYSTEM:[0.0, 0.0, 0.0, 0.0, 1.0, 0.0, 0.0, 0.0, 0.0, 0.0]
CPU_IDLE:[0.0, 0.0, 1.0, 0.0, 0.0, 0.0, 0.0, 0.0, 0.0, 0.0]
message_length:[[1411, 1411, 1411, 1411, 1411, 1411, 1411, 1411, 1411, 1411], [1411, 1411, 1411, 1411, 1411, 1411, 1411, 1411, 1411, 1411], [1411, 1411, 1411, 1411, 1411, 1411, 1411, 1411, 1411, 1411], [1411, 1411, 1411, 1411, 1411, 1411, 1411, 1411, 1411, 1411], [1411, 1411, 1411, 1411, 1411, 1411, 1411, 1411, 1411, 1411], [1411, 1411, 1411, 1411, 1411, 1411, 1411, 1411, 1411, 1411], [1411, 1411, 1411, 1411, 1411, 1411, 1411, 1411, 1411, 1411], [1411, 1411, 1411, 1411, 1411, 1411, 1411, 1411, 1411, 1411], [1411, 1411, 1411, 1411, 1411, 1411, 1411, 1411, 1411, 1411], [1411, 1411, 1411, 1411, 1411, 1411, 1411, 1411, 1411, 1411]]
time_stamp:[886.299424163, 886.373491598, 886.458855797, 886.526846968, 886.603344093, 886.677288711, 886.753665431, 886.825573061, 886.903603106, 886.978817146]
MEMORY:[31.1, 31.1, 31.1, 31.1, 31.1, 31.1, 31.1, 31.1, 31.1, 31.1]
TIMES:[0.017463725000084196, 0.01689665399999285, 0.026601631000062298, 0.01894589099993027, 0.015689513999973315, 0.0181136300000162, 0.021362553000017215, 0.019273723999958747, 0.022803273000022273, 0.01641029699999308]
read_bytes:[1645594624, 1645594624, 1645594624, 1645594624, 1645594624, 1645594624, 1645594624, 1645594624, 1645594624, 1645594624]
write_bytes:[223761408, 223769600, 223777792, 223785984, 223794176, 223802368, 223810560, 223818752, 223826944, 223835136]
read_time:[32540, 32540, 32540, 32540, 32540, 32540, 32540, 32540, 32540, 32540]
write_time:[10424, 10432, 10436, 10436, 10436, 10436, 10436, 10436, 10436, 10436]
bytes_recv:[19096921, 19113144, 19136781, 19152898, 19170722, 19188574, 19206526, 19224134, 19243035, 19255196]
start_value_disk:223761408
start_value_bytes_rec:19087784
