CPU_UTIL:[0.0, 0.0, 0.0, 0.0, 0.0, 0.0, 0.0, 0.0, 1.7, 0.0]
CPU_USER:[0.0, 1.0, 0.0, 0.0, 0.0, 0.9, 1.0, 0.0, 0.8, 1.0]
CPU_SYSTEM:[0.0, 0.0, 0.0, 0.0, 0.0, 0.0, 1.0, 0.0, 0.0, 0.0]
CPU_IDLE:[1.0, 0.0, 1.0, 1.0, 1.0, 0.0, 0.0, 0.0, 0.0, 1.0]
message_length:[[1311, 1311, 1311, 1311, 1311, 1311, 1311, 1311, 1311, 1311], [1311, 1311, 1311, 1311, 1311, 1311, 1311, 1311, 1311, 1311], [1311, 1311, 1311, 1311, 1311, 1311, 1311, 1311, 1311, 1311], [1311, 1311, 1311, 1311, 1311, 1311, 1311, 1311, 1311, 1311], [1311, 1311, 1311, 1311, 1311, 1311, 1311, 1311, 1311, 1311], [1311, 1311, 1311, 1311, 1311, 1311, 1311, 1311, 1311, 1311], [1311, 1311, 1311, 1311, 1311, 1311, 1311, 1311, 1311, 1311], [1311, 1311, 1311, 1311, 1311, 1311, 1311, 1311, 1311, 1311], [1311, 1311, 1311, 1311, 1311, 1311, 1311, 1311, 1311, 1311], [1311, 1311, 1311, 1311, 1311, 1311, 1311, 1311, 1311, 1311]]
time_stamp:[11181755.791506944, 11181755.824871793, 11181755.891784955, 11181755.974564305, 11181756.057210729, 11181756.148399575, 11181756.231189212, 11181756.32203025, 11181756.421186902, 11181756.503948452]
MEMORY:[2.2, 2.2, 2.2, 2.2, 2.2, 2.2, 2.2, 2.2, 2.2, 2.2]
TIMES:[0.09427202492952347, 0.027386663481593132, 0.034548891708254814, 0.03704375959932804, 0.03181796334683895, 0.03095219098031521, 0.03374968655407429, 0.029264060780405998, 0.048342015594244, 0.031578125432133675]
read_count:[1004316, 15565081, 139185694208, 2297097748992, 6280104, 524344904, 1004316, 15565085, 139185694208, 2297097785856, 6280104, 524344932, 1004316, 15565089, 139185694208, 2297097822720, 6280104, 524344956, 1004316, 15565093, 139185694208, 2297097859584, 6280104, 524344984, 1004316, 15565097, 139185694208, 2297097896448, 6280104, 524345008, 1004316, 15565101, 139185694208, 2297097933312, 6280104, 524345032, 1004316, 15565105, 139185694208, 2297097970176, 6280104, 524345056, 1004316, 15565109, 139185694208, 2297098007040, 6280104, 524345084, 1004316, 15565113, 139185694208, 2297098043904, 6280104, 524345112, 1004316, 15565117, 139185694208, 2297098080768, 6280104, 524345140]
write_counter:[]
read_bytes:[]
write_bytes:[]
read_time:[]
write_time:[]
bytes_recv:[210161583226, 210161583226, 210161597294, 210161611622, 210161625690, 210161639758, 210161653826, 210161667894, 210161681962, 210161695952]
