CPU_UTIL:[4.2, 0.0, 0.0, 0.0, 0.0, 0.0, 0.0, 0.0, 0.0, 0.0]
CPU_USER:[0.0, 1.0, 0.0, 0.0, 0.0, 0.8, 0.8, 0.0, 1.0, 1.0]
CPU_SYSTEM:[0.0, 0.0, 0.0, 0.0, 0.0, 0.0, 0.0, 0.0, 0.0, 0.0]
CPU_IDLE:[0.0, 0.0, 0.0, 1.0, 1.0, 0.0, 1.0, 0.0, 1.0, 1.0]
time_stamp:[11179865.35594131, 11179865.424293596, 11179865.525017168, 11179865.61303341, 11179865.713054912, 11179865.812929941, 11179865.913616216, 11179866.005100423, 11179866.08491603, 11179866.165769152]
MEMORY:[2.2, 2.2, 2.2, 2.2, 2.2, 2.2, 2.2, 2.2, 2.2, 2.2]
TIMES:[0.018649844452738762, 0.007244177162647247, 0.00742279551923275, 0.007489481940865517, 0.007623907178640366, 0.007021646946668625, 0.036165615543723106, 0.007660798728466034, 0.007460419088602066, 0.008530061691999435]
read_count:[1000296, 15560610, 139161984512, 2296926192128, 6273308, 524285040, 1000296, 15560611, 139161984512, 2296926196224, 6273308, 524285040, 1000296, 15560613, 139161984512, 2296926204416, 6273308, 524285040, 1000296, 15560615, 139161984512, 2296926212608, 6273308, 524285040, 1000296, 15560617, 139161984512, 2296926220800, 6273308, 524285040, 1000296, 15560619, 139161984512, 2296926228992, 6273308, 524285040, 1000296, 15560621, 139161984512, 2296926237184, 6273308, 524285040, 1000296, 15560623, 139161984512, 2296926245376, 6273308, 524285040, 1000296, 15560625, 139161984512, 2296926253568, 6273308, 524285040, 1000296, 15560627, 139161984512, 2296926261760, 6273308, 524285040]
write_counter:[]
read_bytes:[]
write_bytes:[]
read_time:[]
write_time:[]
bytes_recv:[210138980535, 210138993495, 210139016435, 210139026547, 210139046575, 210139060997, 210139075419, 210139089930, 210139104288, 210139117726]
packets_recv:[2515485576, 2515485587, 2515485609, 2515485617, 2515485635, 2515485649, 2515485663, 2515485677, 2515485690, 2515485703]
