CPU_UTIL:[4.8, 0.0, 0.0, 0.0, 0.0, 0.0, 0.0, 0.0, 0.0, 0.0]
CPU_USER:[0.0, 0.0, 1.0, 0.0, 0.0, 1.0, 0.0, 1.0, 0.0, 0.0]
CPU_SYSTEM:[0.0, 0.0, 0.0, 0.0, 0.0, 0.0, 0.0, 0.0, 0.0, 0.0]
CPU_IDLE:[1.0, 0.0, 1.0, 0.0, 0.0, 1.0, 1.0, 0.0, 0.0, 1.0]
time_stamp:[11179553.740433369, 11179553.805717705, 11179553.893354798, 11179553.994739532, 11179554.086723031, 11179554.174390776, 11179554.26570014, 11179554.352777706, 11179554.43288114, 11179554.513690066]
MEMORY:[2.2, 2.2, 2.2, 2.2, 2.2, 2.2, 2.2, 2.2, 2.2, 2.2]
TIMES:[0.016861043870449066, 0.008633026853203773, 0.0010812096297740936, 0.00941375084221363, 0.002433883026242256, 0.009300464764237404, 0.008303873240947723, 0.0074996985495090485, 0.007586829364299774, 0.008547777310013771]
read_count:[1000294, 15560333, 139161976320, 2296922837504, 6273264, 524284176, 1000294, 15560334, 139161976320, 2296922841600, 6273264, 524284176, 1000294, 15560336, 139161976320, 2296922849792, 6273264, 524284176, 1000294, 15560338, 139161976320, 2296922857984, 6273264, 524284176, 1000294, 15560340, 139161976320, 2296922866176, 6273264, 524284176, 1000294, 15560342, 139161976320, 2296922874368, 6273264, 524284176, 1000294, 15560344, 139161976320, 2296922882560, 6273264, 524284176, 1000294, 15560346, 139161976320, 2296922890752, 6273264, 524284176, 1000294, 15560348, 139161976320, 2296922898944, 6273264, 524284176, 1000294, 15560350, 139161976320, 2296922907136, 6273264, 524284176]
write_counter:[]
read_bytes:[]
write_bytes:[]
read_time:[]
write_time:[]
bytes_recv:[210136819112, 210136824958, 210136829416, 210136833874, 210136838332, 210136842790, 210136847248, 210136850318, 210136854776, 210136860544]
packets_recv:[2515482104, 2515482111, 2515482117, 2515482123, 2515482129, 2515482135, 2515482141, 2515482146, 2515482152, 2515482158]
