CPU_UTIL:[0.0, 0.0, 0.0, 0.0, 0.0, 0.0, 0.0, 0.0, 0.0, 0.0]
CPU_USER:[0.0, 0.0, 0.0, 0.0, 0.0, 1.0, 0.0, 1.0, 0.0, 0.0]
CPU_SYSTEM:[0.0, 0.0, 0.0, 0.0, 0.0, 0.0, 0.0, 0.0, 0.0, 0.0]
CPU_IDLE:[0.0, 0.0, 0.0, 0.0, 0.0, 1.0, 0.0, 0.0, 0.0, 0.0]
time_stamp:[11163759.14904597, 11163759.154608516, 11163759.16459282, 11163759.169689948, 11163759.182610653, 11163759.192355383, 11163759.200387074, 11163759.209909637, 11163759.217257945, 11163759.23685428]
MEMORY:[2.2, 2.2, 2.2, 2.2, 2.2, 2.2, 2.2, 2.2, 2.2, 2.2]
TIMES:[0.003215378150343895, 0.00016851164400577545, 0.00026768818497657776, 0.00027909502387046814, 0.00034931302070617676, 0.0014355648308992386, 0.0005248468369245529, 0.0004637856036424637, 0.0004634317010641098, 0.0004622936248779297]
read_count:[1000210, 15555773, 139159215616, 2296866914816, 6271784, 524268216, 1000210, 15555774, 139159215616, 2296866918912, 6271784, 524268216, 1000210, 15555776, 139159215616, 2296866927104, 6271784, 524268216, 1000210, 15555778, 139159215616, 2296866935296, 6271784, 524268216, 1000210, 15555780, 139159215616, 2296866943488, 6271784, 524268216, 1000210, 15555782, 139159215616, 2296866951680, 6271784, 524268216, 1000210, 15555784, 139159215616, 2296866959872, 6271784, 524268216, 1000210, 15555786, 139159215616, 2296866968064, 6271784, 524268216, 1000210, 15555788, 139159215616, 2296866976256, 6271784, 524268216, 1000210, 15555790, 139159215616, 2296866984448, 6271784, 524268216]
write_counter:[]
read_bytes:[]
write_bytes:[]
read_time:[]
write_time:[]
bytes_recv:[210096360458, 210096363334, 210096385180, 210096391052, 210096405630, 210096423162, 210096437662, 210096453678, 210096461066, 210096484272]
packets_recv:[2515390693, 2515390695, 2515390714, 2515390721, 2515390733, 2515390751, 2515390761, 2515390775, 2515390783, 2515390802]
