CPU_UTIL:[14.3, 7.7, 13.3, 13.3, 26.7, 8.3, 7.1, 7.1, 0.0, 0.0]
CPU_USER:[2.1, 4.0, 3.0, 2.0, 5.0, 3.0, 4.0, 3.0, 2.0, 6.0]
CPU_SYSTEM:[0.0, 1.0, 1.0, 0.0, 0.0, 0.0, 0.0, 0.0, 0.0, 0.0]
CPU_IDLE:[0.0, 0.0, 1.0, 0.0, 0.0, 1.0, 1.0, 1.0, 1.0, 0.0]
message_length:[[1411, 1411, 1411, 1411, 1411, 1411, 1411, 1411, 1411, 1411], [1411, 1411, 1411, 1411, 1411, 1411, 1411, 1411, 1411, 1411], [1411, 1411, 1411, 1411, 1411, 1411, 1411, 1411, 1411, 1411], [1411, 1411, 1411, 1411, 1411, 1411, 1411, 1411, 1411, 1411], [1411, 1411, 1411, 1411, 1411, 1411, 1411, 1411, 1411, 1411], [1411, 1411, 1411, 1411, 1411, 1411, 1411, 1411, 1411, 1411], [1411, 1411, 1411, 1411, 1411, 1411, 1411, 1411, 1411, 1411], [1411, 1411, 1411, 1411, 1411, 1411, 1411, 1411, 1411, 1411], [1411, 1411, 1411, 1411, 1411, 1411, 1411, 1411, 1411, 1411], [1411, 1411, 1411, 1411, 1411, 1411, 1411, 1411, 1411, 1411]]
time_stamp:[896.333426615, 896.407330942, 896.483330949, 896.56118344, 896.636571695, 896.713615697, 896.789707861, 896.86348478, 896.93677064, 897.011874836]
MEMORY:[31.1, 31.1, 31.1, 31.1, 31.1, 31.1, 31.1, 31.1, 31.1, 31.1]
TIMES:[0.016484017000038875, 0.016115695000053165, 0.01726560699989932, 0.017297016000043186, 0.016336051999928713, 0.01518751000003249, 0.017568880999988323, 0.01744911800005866, 0.01396764899993741, 0.013039541000011923]
read_bytes:[1645594624, 1645594624, 1645594624, 1645594624, 1645594624, 1645594624, 1645594624, 1645594624, 1645594624, 1645594624]
write_bytes:[223888384, 223888384, 223892480, 223896576, 223900672, 223904768, 223908864, 223912960, 223917056, 223937536]
read_time:[32540, 32540, 32540, 32540, 32540, 32540, 32540, 32540, 32540, 32540]
write_time:[10448, 10448, 10456, 10456, 10456, 10456, 10460, 10460, 10460, 10460]
bytes_recv:[19276300, 19295579, 19313297, 19332532, 19350316, 19367932, 19384900, 19402116, 19419412, 19433804]
start_value_disk:223839232
start_value_bytes_rec:19268900
