CPU_UTIL:[0.0, 0.0, 7.1, 0.0, 7.7, 0.0, 7.7, 2.7, 0.0, 0.0]
CPU_USER:[0.0, 0.0, 1.0, 0.0, 0.8, 0.8, 1.0, 0.7, 0.0, 0.8]
CPU_SYSTEM:[0.0, 0.0, 0.0, 0.0, 0.0, 0.0, 0.0, 0.0, 0.0, 0.0]
CPU_IDLE:[0.0, 0.0, 0.0, 1.0, 1.0, 1.0, 0.0, 0.0, 0.0, 1.0]
time_stamp:[11179641.229257282, 11179641.307740888, 11179641.388040928, 11179641.488741204, 11179641.587450374, 11179641.688719183, 11179641.767715061, 11179641.888245689, 11179641.967721917, 11179642.069481423]
MEMORY:[2.2, 2.2, 2.2, 2.2, 2.2, 2.2, 2.2, 2.2, 2.2, 2.2]
TIMES:[0.03188296966254711, 0.01080196164548397, 0.01079603098332882, 0.011439766734838486, 0.010216621682047844, 0.010913079604506493, 0.010477250441908836, 0.03065132535994053, 0.009791877120733261, 0.012250179424881935]
read_count:[1000294, 15560441, 139161976320, 2296923472384, 6273264, 524284448, 1000294, 15560442, 139161976320, 2296923476480, 6273264, 524284448, 1000294, 15560444, 139161976320, 2296923484672, 6273264, 524284448, 1000294, 15560446, 139161976320, 2296923492864, 6273264, 524284452, 1000294, 15560448, 139161976320, 2296923501056, 6273264, 524284452, 1000294, 15560450, 139161976320, 2296923509248, 6273264, 524284452, 1000294, 15560452, 139161976320, 2296923517440, 6273264, 524284452, 1000294, 15560454, 139161976320, 2296923525632, 6273264, 524284452, 1000294, 15560456, 139161976320, 2296923533824, 6273264, 524284452, 1000294, 15560458, 139161976320, 2296923542016, 6273264, 524284452]
write_counter:[]
read_bytes:[]
write_bytes:[]
read_time:[]
write_time:[]
bytes_recv:[210137439650, 210137447158, 210137450150, 210137457658, 210137466590, 210137477190, 210137481606, 210137492206, 210137493774, 210137502706]
packets_recv:[2515483294, 2515483303, 2515483307, 2515483316, 2515483327, 2515483339, 2515483344, 2515483357, 2515483360, 2515483370]
