message_length:[[5883490, 5883490, 5883490], [5883490, 5883490, 5883490], [5883490, 5883490, 5883490]]
time_stamp:[46044.422117166, 46086.593661732, 46129.25978124]
TIMES:[43.20950440199522, 42.16773558899877, 42.661583286004316]
read_bytes:[7733764096, 7734106112, 7734106112]
write_bytes:[516615058432, 516616119296, 516617094144]
read_time:[162476, 162476, 162476]
write_time:[4070660, 4071016, 4071252]
start_value_disk:516614108160
start_value_bytes_rec:1079506101
