CPU_UTIL:[0.0, 0.0, 0.0, 0.0, 0.0, 0.0, 0.0, 0.0, 0.0, 0.0]
CPU_USER:[0.0, 1.0, 0.0, 0.0, 0.0, 0.0, 0.7, 0.8, 0.9, 0.0]
CPU_SYSTEM:[0.0, 0.0, 0.0, 0.0, 0.0, 0.0, 0.0, 0.0, 0.0, 0.0]
CPU_IDLE:[1.0, 0.0, 0.0, 0.0, 0.0, 0.0, 0.0, 1.0, 1.0, 1.0]
time_stamp:[11179883.335392684, 11179883.413997969, 11179883.5186484, 11179883.610713433, 11179883.702565758, 11179883.793627696, 11179883.909569856, 11179884.008269224, 11179884.102768552, 11179884.205590585]
MEMORY:[2.2, 2.2, 2.2, 2.2, 2.2, 2.2, 2.2, 2.2, 2.2, 2.2]
TIMES:[0.010750222951173782, 0.005774751305580139, 0.007059821859002113, 0.004824548959732056, 0.001944044604897499, 0.0008662566542625427, 0.01075679250061512, 0.006703287363052368, 0.0031712036579847336, 0.012915406376123428]
read_count:[1000296, 15560630, 139161984512, 2296926306816, 6273308, 524285088, 1000296, 15560630, 139161984512, 2296926306816, 6273308, 524285088, 1000296, 15560631, 139161984512, 2296926310912, 6273308, 524285088, 1000296, 15560632, 139161984512, 2296926315008, 6273308, 524285088, 1000296, 15560633, 139161984512, 2296926319104, 6273308, 524285088, 1000296, 15560634, 139161984512, 2296926323200, 6273308, 524285088, 1000296, 15560635, 139161984512, 2296926327296, 6273308, 524285088, 1000296, 15560636, 139161984512, 2296926331392, 6273308, 524285088, 1000296, 15560637, 139161984512, 2296926335488, 6273308, 524285088, 1000296, 15560638, 139161984512, 2296926339584, 6273308, 524285088]
write_counter:[]
read_bytes:[]
write_bytes:[]
read_time:[]
write_time:[]
bytes_recv:[210139132092, 210139147900, 210139183222, 210139216088, 210139250236, 210139278688, 210139305786, 210139322916, 210139338794, 210139372482]
packets_recv:[2515485806, 2515485819, 2515485851, 2515485881, 2515485910, 2515485935, 2515485960, 2515485978, 2515485992, 2515486020]
