CPU_UTIL:[1.2, 0.0, 0.0, 0.0, 2.8, 0.0, 4.5, 0.0, 0.0, 0.0]
CPU_USER:[0.0, 0.0, 0.0, 1.0, 1.0, 0.0, 1.0, 1.0, 0.0, 1.0]
CPU_SYSTEM:[0.0, 0.0, 0.0, 0.0, 0.0, 0.0, 0.0, 0.0, 0.0, 0.0]
CPU_IDLE:[1.0, 0.0, 1.0, 1.0, 1.0, 0.0, 1.0, 0.0, 1.0, 0.0]
message_length:[[399, 399, 399, 399, 399, 399, 399, 399, 399, 399], [399, 399, 399, 399, 399, 399, 399, 399, 399, 399], [399, 399, 399, 399, 399, 399, 399, 399, 399, 399], [399, 399, 399, 399, 399, 399, 399, 399, 399, 399], [399, 399, 399, 399, 399, 399, 399, 399, 399, 399], [399, 399, 399, 399, 399, 399, 399, 399, 399, 399], [399, 399, 399, 399, 399, 399, 399, 399, 399, 399], [399, 399, 399, 399, 399, 399, 399, 399, 399, 399], [399, 399, 399, 399, 399, 399, 399, 399, 399, 399], [399, 399, 399, 399, 399, 399, 399, 399, 399, 399]]
time_stamp:[11181669.224508444, 11181669.274103342, 11181669.34910552, 11181669.431895168, 11181669.506483452, 11181669.589161303, 11181669.671945825, 11181669.755434109, 11181669.83008108, 11181669.914529504]
MEMORY:[2.2, 2.2, 2.2, 2.2, 2.2, 2.2, 2.2, 2.2, 2.2, 2.2]
TIMES:[0.06713337823748589, 0.03747008554637432, 0.03186218626797199, 0.03459161892533302, 0.029177255928516388, 0.03189183957874775, 0.034518517553806305, 0.03796069137752056, 0.03256738372147083, 0.036977753043174744]
read_count:[1004316, 15564913, 139185694208, 2297096286720, 6280104, 524343828, 1004316, 15564916, 139185694208, 2297096331776, 6280104, 524343856, 1004316, 15564920, 139185694208, 2297096368640, 6280104, 524343880, 1004316, 15564924, 139185694208, 2297096405504, 6280104, 524343904, 1004316, 15564928, 139185694208, 2297096442368, 6280104, 524343924, 1004316, 15564932, 139185694208, 2297096479232, 6280104, 524343948, 1004316, 15564936, 139185694208, 2297096516096, 6280104, 524343972, 1004316, 15564940, 139185694208, 2297096552960, 6280104, 524344000, 1004316, 15564944, 139185694208, 2297096589824, 6280104, 524344024, 1004316, 15564948, 139185694208, 2297096626688, 6280104, 524344052]
write_counter:[]
read_bytes:[]
write_bytes:[]
read_time:[]
write_time:[]
bytes_recv:[210160826699, 210160831157, 210160835615, 210160840073, 210160844531, 210160848989, 210160853447, 210160857905, 210160862363, 210160866743]
