CPU_UTIL:[27.8]
CPU_USER:[4.0]
CPU_SYSTEM:[0.0]
CPU_IDLE:[0.0]
time_stamp:[891.080577233]
MEMORY:[23.2]
TIMES:[0.04470571799993195]
read_count:[8558, 1965, 351045632, 47277568, 34682, 57402]
write_counter:[]
read_bytes:[]
write_bytes:[]
read_time:[]
write_time:[]
bytes_recv:[1881967]
packets_recv:[4776]
