CPU_UTIL:[0.0, 0.0, 0.0, 0.0, 50.0, 0.0, 0.0, 0.0, 0.0, 0.0]
CPU_USER:[0.0, 0.0, 0.0, 0.0, 1.0, 0.0, 0.0, 0.0, 1.0, 0.0]
CPU_SYSTEM:[0.0, 0.0, 0.0, 0.0, 0.0, 0.0, 0.0, 0.0, 0.0, 0.0]
CPU_IDLE:[1.0, 0.0, 0.0, 0.0, 0.0, 0.0, 0.0, 0.0, 0.0, 0.0]
time_stamp:[11162291.855900545, 11162291.868303493, 11162291.877596708, 11162291.88779129, 11162291.899998603, 11162291.915203242, 11162291.92933826, 11162291.94529402, 11162291.958319684, 11162292.985517316]
MEMORY:[2.2, 2.2, 2.2, 2.2, 2.2, 2.2, 2.2, 2.2, 2.2, 2.2]
TIMES:[0.0008993148803710938, 0.003416106104850769, 0.0002195443958044052, 0.0002469010651111603, 0.00032605044543743134, 0.0004890728741884232, 0.0005311276763677597, 0.0006203427910804749, 0.0006803330034017563, 0.0016911905258893967]
read_count:[1000210, 15555254, 139159215616, 2296861708800, 6271784, 524267872, 1000210, 15555254, 139159215616, 2296861708800, 6271784, 524267872, 1000210, 15555255, 139159215616, 2296861712896, 6271784, 524267872, 1000210, 15555256, 139159215616, 2296861716992, 6271784, 524267872, 1000210, 15555257, 139159215616, 2296861721088, 6271784, 524267872, 1000210, 15555258, 139159215616, 2296861725184, 6271784, 524267872, 1000210, 15555259, 139159215616, 2296861729280, 6271784, 524267872, 1000210, 15555260, 139159215616, 2296861733376, 6271784, 524267872, 1000210, 15555261, 139159215616, 2296861737472, 6271784, 524267876, 1000210, 15555262, 139159215616, 2296861741568, 6271784, 524267876]
write_counter:[]
read_bytes:[]
write_bytes:[]
read_time:[]
write_time:[]
bytes_recv:[210090248101, 210090263013, 210090270883, 210090287063, 210090300439, 210090318375, 210090325779, 210090346281, 210090366705, 210090385326]
packets_recv:[2515378930, 2515378944, 2515378955, 2515378971, 2515378986, 2515379004, 2515379012, 2515379033, 2515379049, 2515379072]
