CPU_UTIL:[0.0, 0.0, 0.0, 0.0, 0.0, 0.0, 0.0, 0.0, 0.0, 0.0]
CPU_USER:[0.0, 0.0, 0.8, 0.0, 0.0, 0.0, 1.0, 0.8, 0.0, 0.8]
CPU_SYSTEM:[0.0, 0.0, 0.0, 0.0, 0.0, 0.0, 0.0, 0.0, 0.0, 0.0]
CPU_IDLE:[0.0, 0.0, 1.0, 1.0, 1.0, 0.0, 0.0, 0.0, 0.0, 0.0]
time_stamp:[11179602.261051802, 11179602.325188888, 11179602.424916536, 11179602.513733853, 11179602.60599832, 11179602.685045814, 11179602.773379752, 11179602.872935863, 11179602.965604752, 11179603.07368514]
MEMORY:[2.2, 2.2, 2.2, 2.2, 2.2, 2.2, 2.2, 2.2, 2.2, 2.2]
TIMES:[0.016785722225904465, 0.008273063227534294, 0.0073819588869810104, 0.00853084959089756, 0.008497573435306549, 0.007660049945116043, 0.00766170397400856, 0.007083127275109291, 0.0010229218751192093, 0.008421359583735466]
read_count:[1000294, 15560394, 139161976320, 2296923189760, 6273264, 524284304, 1000294, 15560395, 139161976320, 2296923193856, 6273264, 524284304, 1000294, 15560397, 139161976320, 2296923202048, 6273264, 524284304, 1000294, 15560399, 139161976320, 2296923210240, 6273264, 524284304, 1000294, 15560401, 139161976320, 2296923218432, 6273264, 524284304, 1000294, 15560403, 139161976320, 2296923226624, 6273264, 524284304, 1000294, 15560405, 139161976320, 2296923234816, 6273264, 524284304, 1000294, 15560407, 139161976320, 2296923243008, 6273264, 524284304, 1000294, 15560409, 139161976320, 2296923251200, 6273264, 524284304, 1000294, 15560411, 139161976320, 2296923259392, 6273264, 524284304]
write_counter:[]
read_bytes:[]
write_bytes:[]
read_time:[]
write_time:[]
bytes_recv:[210137042242, 210137048082, 210137072746, 210137085706, 210137096130, 210137110578, 210137126782, 210137131276, 210137149616, 210137159172]
packets_recv:[2515482648, 2515482654, 2515482676, 2515482688, 2515482700, 2515482712, 2515482729, 2515482734, 2515482752, 2515482761]
