CPU_UTIL:[5.9, 0.0, 10.0, 2.2, 6.7, 16.7, 16.7, 0.0, 0.0, 0.0]
CPU_USER:[0.1, 0.0, 1.0, 1.0, 1.0, 1.0, 1.0, 0.0, 0.0, 1.0]
CPU_SYSTEM:[0.0, 0.0, 0.0, 0.0, 0.0, 0.0, 0.0, 0.0, 0.0, 0.0]
CPU_IDLE:[0.0, 1.0, 0.0, 0.0, 0.0, 0.0, 1.0, 0.0, 1.0, 0.0]
time_stamp:[11161389.800428784, 11161389.855389733, 11161389.91852336, 11161389.994143223, 11161390.025099652, 11161390.080634482, 11161390.10799629, 11161390.150642753, 11161390.213971464, 11161390.253882604]
MEMORY:[2.2, 2.2, 2.2, 2.2, 2.2, 2.2, 2.2, 2.2, 2.2, 2.2]
TIMES:[0.013625988736748695, 0.0061140600591897964, 0.007257780060172081, 0.03660828061401844, 0.011366009712219238, 0.004161408171057701, 0.004198295995593071, 0.0044058021157979965, 0.029242420569062233, 0.015708688646554947]
read_count:[999862, 15553545, 139153677824, 2296840245760, 6268932, 524266016, 999862, 15553545, 139153677824, 2296840245760, 6268932, 524266016, 999862, 15553546, 139153677824, 2296840249856, 6268932, 524266016, 999862, 15553547, 139153677824, 2296840253952, 6268932, 524266016, 999862, 15553548, 139153677824, 2296840258048, 6268932, 524266016, 999862, 15553549, 139153677824, 2296840262144, 6268932, 524266020, 999862, 15553550, 139153677824, 2296840266240, 6268932, 524266024, 999862, 15553551, 139153677824, 2296840270336, 6268932, 524266024, 999862, 15553552, 139153677824, 2296840274432, 6268932, 524266024, 999862, 15553553, 139153677824, 2296840278528, 6268932, 524266024]
write_counter:[]
read_bytes:[]
write_bytes:[]
read_time:[]
write_time:[]
bytes_recv:[210077461790, 210077474294, 210077494260, 210077505054, 210077521757, 210077538270, 210077555010, 210077561420, 210077576512, 210077590355]
packets_recv:[2515361301, 2515361323, 2515361354, 2515361372, 2515361396, 2515361417, 2515361441, 2515361455, 2515361475, 2515361498]
