CPU_UTIL:[0.0, 11.1, 9.1, 0.0, 9.1, 0.0, 0.0, 0.0, 0.0, 9.1]
CPU_USER:[0.0, 1.0, 0.0, 0.0, 0.0, 0.0, 0.0, 0.0, 0.0, 0.0]
CPU_SYSTEM:[0.0, 0.0, 0.0, 0.0, 0.0, 0.0, 0.0, 0.0, 0.0, 0.0]
CPU_IDLE:[0.0, 0.0, 1.0, 1.0, 0.0, 0.0, 0.0, 0.0, 0.0, 1.0]
message_length:[[399, 399, 399, 399, 399, 399, 399, 399, 399, 399], [399, 399, 399, 399, 399, 399, 399, 399, 399, 399], [399, 399, 399, 399, 399, 399, 399, 399, 399, 399], [399, 399, 399, 399, 399, 399, 399, 399, 399, 399], [399, 399, 399, 399, 399, 399, 399, 399, 399, 399], [399, 399, 399, 399, 399, 399, 399, 399, 399, 399], [399, 399, 399, 399, 399, 399, 399, 399, 399, 399], [399, 399, 399, 399, 399, 399, 399, 399, 399, 399], [399, 399, 399, 399, 399, 399, 399, 399, 399, 399], [399, 399, 399, 399, 399, 399, 399, 399, 399, 399]]
time_stamp:[11181659.727036562, 11181659.804359214, 11181659.885673331, 11181659.966508154, 11181660.045511952, 11181660.125056565, 11181660.20619729, 11181660.292785637, 11181660.366334153, 11181660.454016024]
MEMORY:[2.2, 2.2, 2.2, 2.2, 2.2, 2.2, 2.2, 2.2, 2.2, 2.2]
TIMES:[0.009473906829953194, 0.00698133185505867, 0.008093513548374176, 0.0016559325158596039, 0.007817203179001808, 0.0072090718895196915, 0.0016809068620204926, 0.007241107523441315, 0.008875558152794838, 0.008394692093133926]
read_count:[1004316, 15564898, 139185694208, 2297096180224, 6280104, 524343484, 1004316, 15564898, 139185694208, 2297096180224, 6280104, 524343484, 1004316, 15564899, 139185694208, 2297096184320, 6280104, 524343484, 1004316, 15564900, 139185694208, 2297096188416, 6280104, 524343484, 1004316, 15564901, 139185694208, 2297096192512, 6280104, 524343484, 1004316, 15564902, 139185694208, 2297096196608, 6280104, 524343484, 1004316, 15564903, 139185694208, 2297096200704, 6280104, 524343484, 1004316, 15564904, 139185694208, 2297096204800, 6280104, 524343484, 1004316, 15564905, 139185694208, 2297096208896, 6280104, 524343484, 1004316, 15564906, 139185694208, 2297096212992, 6280104, 524343484]
write_counter:[]
read_bytes:[]
write_bytes:[]
read_time:[]
write_time:[]
bytes_recv:[210160774789, 210160779451, 210160784113, 210160788775, 210160793373, 210160796513, 210160802605, 210160807133, 210160812025, 210160816545]
