CPU_UTIL:[0.0, 0.0, 0.0, 0.0, 0.0, 0.0, 0.0, 7.7, 0.0, 0.0]
CPU_USER:[0.0, 0.0, 0.0, 0.0, 0.0, 0.8, 0.0, 0.0, 1.0, 1.0]
CPU_SYSTEM:[0.0, 0.0, 0.0, 0.0, 0.0, 0.0, 0.0, 0.0, 0.0, 0.0]
CPU_IDLE:[1.0, 1.0, 0.0, 0.0, 1.0, 1.0, 1.0, 0.0, 1.0, 0.0]
message_length:[[683, 683, 683, 683, 683, 683, 683, 683, 683, 683], [683, 683, 683, 683, 683, 683, 683, 683, 683, 683], [683, 683, 683, 683, 683, 683, 683, 683, 683, 683], [683, 683, 683, 683, 683, 683, 683, 683, 683, 683], [683, 683, 683, 683, 683, 683, 683, 683, 683, 683], [683, 683, 683, 683, 683, 683, 683, 683, 683, 683], [683, 683, 683, 683, 683, 683, 683, 683, 683, 683], [683, 683, 683, 683, 683, 683, 683, 683, 683, 683], [683, 683, 683, 683, 683, 683, 683, 683, 683, 683], [683, 683, 683, 683, 683, 683, 683, 683, 683, 683]]
time_stamp:[11181825.286840929, 11181825.426883224, 11181825.507547809, 11181825.586990591, 11181825.67560843, 11181825.775358869, 11181825.875877889, 11181825.967120575, 11181826.046905244, 11181826.127451116]
MEMORY:[2.2, 2.2, 2.2, 2.2, 2.2, 2.2, 2.2, 2.2, 2.2, 2.2]
TIMES:[0.04994719661772251, 0.009322056546807289, 0.002858363091945648, 0.009809065610170364, 0.0028162840753793716, 0.00279303640127182, 0.018342506140470505, 0.009896071627736092, 0.0024996567517518997, 0.002760365605354309]
read_count:[1004316, 15565235, 139185694208, 2297099112960, 6280104, 524345904, 1004316, 15565235, 139185694208, 2297099112960, 6280104, 524345904, 1004316, 15565236, 139185694208, 2297099117056, 6280104, 524345904, 1004316, 15565237, 139185694208, 2297099121152, 6280104, 524345904, 1004316, 15565238, 139185694208, 2297099125248, 6280104, 524345904, 1004316, 15565239, 139185694208, 2297099129344, 6280104, 524345904, 1004316, 15565240, 139185694208, 2297099133440, 6280104, 524345904, 1004316, 15565241, 139185694208, 2297099137536, 6280104, 524345904, 1004316, 15565242, 139185694208, 2297099141632, 6280104, 524345904, 1004316, 15565243, 139185694208, 2297099145728, 6280104, 524345904]
write_counter:[]
read_bytes:[]
write_bytes:[]
read_time:[]
write_time:[]
bytes_recv:[210162175479, 210162186569, 210162196851, 210162204779, 210162212497, 210162220355, 210162228143, 210162236065, 210162244731, 210162252441]
