CPU_UTIL:[0.0, 0.0, 0.0, 0.0, 0.0, 0.0, 0.0, 0.0, 40.0, 0.0]
CPU_USER:[2.0, 2.0, 2.0, 2.0, 2.0, 3.0, 3.0, 3.0, 2.0, 3.0]
CPU_SYSTEM:[0.0, 0.0, 0.0, 0.0, 0.0, 0.0, 0.0, 0.0, 0.0, 0.0]
CPU_IDLE:[0.0, 0.0, 0.0, 0.0, 0.0, 0.0, 0.0, 0.0, 1.0, 1.0]
message_length:[[4344, 2896, 1448, 1448, 1448, 1448, 1448, 2896, 1448, 1448], [4344, 2896, 1448, 1448, 1448, 1448, 1448, 2896, 1448, 1448], [4344, 2896, 1448, 1448, 1448, 1448, 1448, 2896, 1448, 1448], [4344, 2896, 1448, 1448, 1448, 1448, 1448, 2896, 1448, 1448], [4344, 2896, 1448, 1448, 1448, 1448, 1448, 2896, 1448, 1448], [4344, 2896, 1448, 1448, 1448, 1448, 1448, 2896, 1448, 1448], [4344, 2896, 1448, 1448, 1448, 1448, 1448, 2896, 1448, 1448], [4344, 2896, 1448, 1448, 1448, 1448, 1448, 2896, 1448, 1448], [4344, 2896, 1448, 1448, 1448, 1448, 1448, 2896, 1448, 1448], [4344, 2896, 1448, 1448, 1448, 1448, 1448, 2896, 1448, 1448]]
time_stamp:[823.413546527, 823.471327045, 823.507484598, 823.543531263, 823.590406698, 823.627969575, 823.667485531, 823.713809113, 823.764387598, 823.816587341]
MEMORY:[31.1, 31.1, 31.1, 31.1, 31.1, 31.1, 31.1, 31.1, 31.1, 31.1]
TIMES:[0.0032713770000327713, 0.009892651999962254, 0.001370992000033766, 0.00120457700006682, 0.003287444999955369, 0.0026563769999938813, 0.0019918529999358725, 0.006357521999916571, 0.003184255000064695, 0.0036554339999383956]
read_bytes:[1645594624, 1645594624, 1645594624, 1645594624, 1645594624, 1645594624, 1645594624, 1645594624, 1645594624, 1645594624]
write_bytes:[222495744, 222495744, 222499840, 222503936, 222508032, 222512128, 222516224, 222520320, 222524416, 222528512]
read_time:[32540, 32540, 32540, 32540, 32540, 32540, 32540, 32540, 32540, 32540]
write_time:[10000, 10000, 10008, 10008, 10008, 10008, 10008, 10008, 10008, 10008]
bytes_recv:[18318656, 18374060, 18411098, 18437598, 18503662, 18538066, 18574250, 18617948, 18655944, 18716230]
start_value_disk:222495744
start_value_bytes_rec:18298394
