CPU_UTIL:[3.4, 0.0, 0.0, 10.0, 0.0, 0.0, 0.0, 0.0, 0.0, 0.0]
CPU_USER:[0.0, 0.0, 0.0, 1.0, 0.0, 0.0, 0.0, 0.0, 0.0, 0.0]
CPU_SYSTEM:[0.0, 0.0, 0.0, 0.0, 0.0, 0.0, 0.0, 0.0, 0.0, 0.0]
CPU_IDLE:[1.0, 1.0, 1.0, 1.0, 1.0, 1.0, 0.0, 0.0, 1.0, 1.0]
message_length:[[969, 969, 969, 969, 969, 969, 969, 969, 969, 969], [969, 969, 969, 969, 969, 969, 969, 969, 969, 969], [969, 969, 969, 969, 969, 969, 969, 969, 969, 969], [969, 969, 969, 969, 969, 969, 969, 969, 969, 969], [969, 969, 969, 969, 969, 969, 969, 969, 969, 969], [969, 969, 969, 969, 969, 969, 969, 969, 969, 969], [969, 969, 969, 969, 969, 969, 969, 969, 969, 969], [969, 969, 969, 969, 969, 969, 969, 969, 969, 969], [969, 969, 969, 969, 969, 969, 969, 969, 969, 969], [969, 969, 969, 969, 969, 969, 969, 969, 969, 969]]
time_stamp:[11181682.820494018, 11181682.884517912, 11181682.966570452, 11181683.04511172, 11181683.126640784, 11181683.213112662, 11181683.286458004, 11181683.366694964, 11181683.453257376, 11181683.52638023]
MEMORY:[2.2, 2.2, 2.2, 2.2, 2.2, 2.2, 2.2, 2.2, 2.2, 2.2]
TIMES:[0.023221151903271675, 0.007517891004681587, 0.001999553292989731, 0.007337944582104683, 0.0020576510578393936, 0.007631292566657066, 0.0020243674516677856, 0.009335562586784363, 0.007690964266657829, 0.002013161778450012]
read_count:[1004316, 15564951, 139185694208, 2297096659456, 6280104, 524344100, 1004316, 15564951, 139185694208, 2297096659456, 6280104, 524344100, 1004316, 15564952, 139185694208, 2297096663552, 6280104, 524344100, 1004316, 15564953, 139185694208, 2297096667648, 6280104, 524344100, 1004316, 15564954, 139185694208, 2297096671744, 6280104, 524344100, 1004316, 15564955, 139185694208, 2297096675840, 6280104, 524344100, 1004316, 15564956, 139185694208, 2297096679936, 6280104, 524344100, 1004316, 15564957, 139185694208, 2297096684032, 6280104, 524344100, 1004316, 15564958, 139185694208, 2297096688128, 6280104, 524344100, 1004316, 15564959, 139185694208, 2297096692224, 6280104, 524344100]
write_counter:[]
read_bytes:[]
write_bytes:[]
read_time:[]
write_time:[]
bytes_recv:[210160885436, 210160891742, 210160907082, 210160918010, 210160928658, 210160939306, 210160941480, 210160960812, 210160971530, 210160982100]
