CPU_UTIL:[3.4, 0.0, 0.0, 0.0, 0.0, 0.0, 0.0, 0.0, 0.0, 0.0]
CPU_USER:[0.0, 0.0, 1.0, 0.0, 0.0, 1.0, 1.0, 0.0, 0.9, 0.9]
CPU_SYSTEM:[0.0, 0.0, 0.0, 0.0, 0.0, 0.0, 0.0, 0.0, 0.0, 0.0]
CPU_IDLE:[1.0, 1.0, 1.0, 1.0, 0.0, 0.0, 1.0, 0.0, 1.0, 1.0]
time_stamp:[11179897.18094852, 11179897.246414084, 11179897.330959477, 11179897.444665596, 11179897.531822836, 11179897.613872096, 11179897.701720955, 11179897.788919648, 11179897.883915072, 11179897.974744504]
MEMORY:[2.2, 2.2, 2.2, 2.2, 2.2, 2.2, 2.2, 2.2, 2.2, 2.2]
TIMES:[0.02366034872829914, 0.009410470724105835, 0.004406660795211792, 0.0030033867806196213, 0.014342140406370163, 0.0010191630572080612, 0.010262368246912956, 0.004583762958645821, 0.0021208487451076508, 0.0019877497106790543]
read_count:[1000296, 15560650, 139161984512, 2296926417408, 6273308, 524285124, 1000296, 15560651, 139161984512, 2296926421504, 6273308, 524285124, 1000296, 15560653, 139161984512, 2296926429696, 6273308, 524285124, 1000296, 15560655, 139161984512, 2296926437888, 6273308, 524285124, 1000296, 15560657, 139161984512, 2296926446080, 6273308, 524285124, 1000296, 15560659, 139161984512, 2296926454272, 6273308, 524285124, 1000296, 15560661, 139161984512, 2296926462464, 6273308, 524285124, 1000296, 15560663, 139161984512, 2296926470656, 6273308, 524285124, 1000296, 15560665, 139161984512, 2296926478848, 6273308, 524285124, 1000296, 15560667, 139161984512, 2296926487040, 6273308, 524285124]
write_counter:[]
read_bytes:[]
write_bytes:[]
read_time:[]
write_time:[]
bytes_recv:[210139421906, 210139430594, 210139470050, 210139501210, 210139514234, 210139549418, 210139571956, 210139606042, 210139637202, 210139668824]
packets_recv:[2515486150, 2515486158, 2515486191, 2515486216, 2515486228, 2515486258, 2515486281, 2515486304, 2515486329, 2515486355]
