CPU_UTIL:[0.0, 0.0, 0.0, 0.0, 0.0, 0.0, 0.0, 0.0, 25.0, 18.2]
CPU_USER:[0.0, 0.0, 0.0, 0.0, 0.0, 0.0, 0.0, 0.0, 0.0, 1.0]
CPU_SYSTEM:[0.0, 0.0, 0.0, 0.0, 0.0, 0.0, 0.0, 0.0, 0.0, 0.0]
CPU_IDLE:[1.0, 0.0, 0.0, 0.0, 1.0, 1.0, 1.0, 0.0, 0.0, 0.0]
message_length:[[1083, 1083, 1083, 1083, 1083, 1083, 1083, 1083, 1083, 1083], [1083, 1083, 1083, 1083, 1083, 1083, 1083, 1083, 1083, 1083], [1083, 1083, 1083, 1083, 1083, 1083, 1083, 1083, 1083, 1083], [1083, 1083, 1083, 1083, 1083, 1083, 1083, 1083, 1083, 1083], [1083, 1083, 1083, 1083, 1083, 1083, 1083, 1083, 1083, 1083], [1083, 1083, 1083, 1083, 1083, 1083, 1083, 1083, 1083, 1083], [1083, 1083, 1083, 1083, 1083, 1083, 1083, 1083, 1083, 1083], [1083, 1083, 1083, 1083, 1083, 1083, 1083, 1083, 1083, 1083], [1083, 1083, 1083, 1083, 1083, 1083, 1083, 1083, 1083, 1083], [1083, 1083, 1083, 1083, 1083, 1083, 1083, 1083, 1083, 1083]]
time_stamp:[11181710.886343783, 11181711.005318286, 11181711.086525856, 11181711.166596044, 11181711.254569106, 11181711.340062464, 11181711.420281587, 11181711.514318477, 11181711.609654233, 11181711.693203464]
MEMORY:[2.2, 2.2, 2.2, 2.2, 2.2, 2.2, 2.2, 2.2, 2.2, 2.2]
TIMES:[0.04906838946044445, 0.008189847692847252, 0.0020603835582733154, 0.0020970776677131653, 0.0019906964153051376, 0.02311624400317669, 0.015362728387117386, 0.008919797837734222, 0.0020368117839097977, 0.0073280129581689835]
read_count:[1004316, 15565006, 139185694208, 2297097146880, 6280104, 524344452, 1004316, 15565006, 139185694208, 2297097146880, 6280104, 524344452, 1004316, 15565007, 139185694208, 2297097150976, 6280104, 524344452, 1004316, 15565008, 139185694208, 2297097155072, 6280104, 524344452, 1004316, 15565009, 139185694208, 2297097159168, 6280104, 524344452, 1004316, 15565010, 139185694208, 2297097163264, 6280104, 524344452, 1004316, 15565011, 139185694208, 2297097167360, 6280104, 524344452, 1004316, 15565012, 139185694208, 2297097171456, 6280104, 524344452, 1004316, 15565013, 139185694208, 2297097175552, 6280104, 524344452, 1004316, 15565014, 139185694208, 2297097179648, 6280104, 524344452]
write_counter:[]
read_bytes:[]
write_bytes:[]
read_time:[]
write_time:[]
bytes_recv:[210161134751, 210161158251, 210161170249, 210161182317, 210161194315, 210161204819, 210161220253, 210161227909, 210161244279, 210161255989]
