CPU_UTIL:[0.0, 0.0, 0.0, 7.7, 0.0, 0.0, 0.0, 0.0, 0.0, 10.0]
CPU_USER:[0.0, 0.0, 0.0, 0.0, 0.0, 0.0, 0.0, 0.0, 0.0, 1.0]
CPU_SYSTEM:[0.0, 0.0, 0.0, 1.0, 0.0, 0.0, 0.0, 0.0, 0.0, 0.0]
CPU_IDLE:[1.0, 0.0, 0.0, 0.0, 1.0, 1.0, 0.0, 0.0, 1.0, 0.0]
time_stamp:[11179534.22521704, 11179534.28478381, 11179534.366171632, 11179534.447004467, 11179534.5259159, 11179534.60597888, 11179534.685825521, 11179534.766199589, 11179534.84488811, 11179534.924692664]
MEMORY:[2.2, 2.2, 2.2, 2.2, 2.2, 2.2, 2.2, 2.2, 2.2, 2.2]
TIMES:[0.02781594730913639, 0.0005741510540246964, 0.0016953125596046448, 0.009685009717941284, 0.0016891267150640488, 0.0017210040241479874, 0.008424444124102592, 0.001653563231229782, 0.007319200783967972, 0.007394542917609215]
read_count:[1000294, 15560320, 139161976320, 2296922755584, 6273264, 524284132, 1000294, 15560320, 139161976320, 2296922755584, 6273264, 524284132, 1000294, 15560321, 139161976320, 2296922759680, 6273264, 524284132, 1000294, 15560322, 139161976320, 2296922763776, 6273264, 524284132, 1000294, 15560323, 139161976320, 2296922767872, 6273264, 524284132, 1000294, 15560324, 139161976320, 2296922771968, 6273264, 524284132, 1000294, 15560325, 139161976320, 2296922776064, 6273264, 524284132, 1000294, 15560326, 139161976320, 2296922780160, 6273264, 524284132, 1000294, 15560327, 139161976320, 2296922784256, 6273264, 524284132, 1000294, 15560328, 139161976320, 2296922788352, 6273264, 524284132]
write_counter:[]
read_bytes:[]
write_bytes:[]
read_time:[]
write_time:[]
bytes_recv:[210136764011, 210136768539, 210136773207, 210136777805, 210136782403, 210136787071, 210136791803, 210136796401, 210136800999, 210136805519]
packets_recv:[2515481918, 2515481926, 2515481934, 2515481942, 2515481950, 2515481959, 2515481969, 2515481977, 2515481985, 2515481992]
