CPU_UTIL:[0.0, 0.0, 0.0, 0.0, 0.0, 0.0, 0.0, 0.0, 0.0, 0.0]
CPU_USER:[0.0, 1.0, 0.0, 1.0, 0.0, 1.0, 1.0, 0.0, 0.9, 1.0]
CPU_SYSTEM:[0.0, 0.0, 0.0, 0.0, 0.0, 0.0, 0.0, 0.0, 0.0, 0.0]
CPU_IDLE:[0.0, 1.0, 0.0, 0.0, 0.0, 1.0, 1.0, 1.0, 1.0, 0.0]
message_length:[[1287, 1287, 1287, 1287, 1287, 1287, 1287, 1287, 1287, 1287], [1287, 1287, 1287, 1287, 1287, 1287, 1287, 1287, 1287, 1287], [1287, 1287, 1287, 1287, 1287, 1287, 1287, 1287, 1287, 1287], [1287, 1287, 1287, 1287, 1287, 1287, 1287, 1287, 1287, 1287], [1287, 1287, 1287, 1287, 1287, 1287, 1287, 1287, 1287, 1287], [1287, 1287, 1287, 1287, 1287, 1287, 1287, 1287, 1287, 1287], [1287, 1287, 1287, 1287, 1287, 1287, 1287, 1287, 1287, 1287], [1287, 1287, 1287, 1287, 1287, 1287, 1287, 1287, 1287, 1287], [1287, 1287, 1287, 1287, 1287, 1287, 1287, 1287, 1287, 1287], [1287, 1287, 1287, 1287, 1287, 1287, 1287, 1287, 1287, 1287]]
time_stamp:[11181799.086134922, 11181799.165364623, 11181799.24571512, 11181799.325946288, 11181799.405055651, 11181799.485792875, 11181799.565849114, 11181799.646088105, 11181799.741333937, 11181799.825065589]
MEMORY:[2.2, 2.2, 2.2, 2.2, 2.2, 2.2, 2.2, 2.2, 2.2, 2.2]
TIMES:[0.008849149569869041, 0.007761647924780846, 0.0014540832489728928, 0.0013867225497961044, 0.007616741582751274, 0.0014624334871768951, 0.0014219637960195541, 0.001383630558848381, 0.016736527904868126, 0.007638363167643547]
read_count:[1004316, 15565175, 139185694208, 2297098600960, 6280104, 524345560, 1004316, 15565175, 139185694208, 2297098600960, 6280104, 524345560, 1004316, 15565176, 139185694208, 2297098605056, 6280104, 524345560, 1004316, 15565177, 139185694208, 2297098609152, 6280104, 524345560, 1004316, 15565178, 139185694208, 2297098613248, 6280104, 524345560, 1004316, 15565179, 139185694208, 2297098617344, 6280104, 524345560, 1004316, 15565180, 139185694208, 2297098621440, 6280104, 524345560, 1004316, 15565181, 139185694208, 2297098625536, 6280104, 524345560, 1004316, 15565182, 139185694208, 2297098629632, 6280104, 524345560, 1004316, 15565183, 139185694208, 2297098633728, 6280104, 524345560]
write_counter:[]
read_bytes:[]
write_bytes:[]
read_time:[]
write_time:[]
bytes_recv:[210161888273, 210161897751, 210161917633, 210161931601, 210161945569, 210161959537, 210161973505, 210161987473, 210162001441, 210162015261]
