CPU_UTIL:[0.0, 33.3, 0.0, 0.0, 0.0, 0.0, 0.0, 0.0, 0.0, 0.0]
CPU_USER:[0.0, 0.7, 0.0, 0.9, 0.0, 1.0, 0.0, 1.0, 0.0, 0.0]
CPU_SYSTEM:[0.0, 0.0, 0.0, 0.0, 0.0, 0.0, 0.0, 0.0, 0.0, 0.0]
CPU_IDLE:[0.0, 1.0, 0.0, 1.0, 0.0, 1.0, 0.0, 1.0, 1.0, 1.0]
message_length:[[3207, 3207, 3207, 3207, 3207, 3207, 3207, 3207, 3207, 3207], [3207, 3207, 3207, 3207, 3207, 3207, 3207, 3207, 3207, 3207], [3207, 3207, 3207, 3207, 3207, 3207, 3207, 3207, 3207, 3207], [3207, 3207, 3207, 3207, 3207, 3207, 3207, 3207, 3207, 3207], [3207, 3207, 3207, 3207, 3207, 3207, 3207, 3207, 3207, 3207], [3207, 3207, 3207, 3207, 3207, 3207, 3207, 3207, 3207, 3207], [3207, 3207, 3207, 3207, 3207, 3207, 3207, 3207, 3207, 3207], [3207, 3207, 3207, 3207, 3207, 3207, 3207, 3207, 3207, 3207], [3207, 3207, 3207, 3207, 3207, 3207, 3207, 3207, 3207, 3207], [3207, 3207, 3207, 3207, 3207, 3207, 3207, 3207, 3207, 3207]]
time_stamp:[11182035.646928385, 11182035.771934904, 11182035.858484292, 11182035.954320416, 11182036.049119, 11182036.135579078, 11182036.211887825, 11182036.290771779, 11182036.37404268, 11182036.474875016]
MEMORY:[2.2, 2.2, 2.2, 2.2, 2.2, 2.2, 2.2, 2.2, 2.2, 2.2]
TIMES:[0.04984096996486187, 0.0013404730707406998, 0.0030587073415517807, 0.001518692821264267, 0.023445922881364822, 0.014899851754307747, 0.005260687321424484, 0.006090031936764717, 0.0008251145482063293, 0.01732628419995308]
read_count:[1004316, 15565399, 139185694208, 2297100231168, 6280104, 524346560, 1004316, 15565399, 139185694208, 2297100231168, 6280104, 524346560, 1004316, 15565400, 139185694208, 2297100235264, 6280104, 524346560, 1004316, 15565402, 139185694208, 2297100243456, 6280104, 524346560, 1004316, 15565403, 139185694208, 2297100247552, 6280104, 524346560, 1004316, 15565404, 139185694208, 2297100251648, 6280104, 524346560, 1004316, 15565405, 139185694208, 2297100255744, 6280104, 524346560, 1004316, 15565406, 139185694208, 2297100259840, 6280104, 524346560, 1004316, 15565407, 139185694208, 2297100263936, 6280104, 524346560, 1004316, 15565408, 139185694208, 2297100268032, 6280104, 524346560]
write_counter:[]
read_bytes:[]
write_bytes:[]
read_time:[]
write_time:[]
bytes_recv:[210163468388, 210163512582, 210163542528, 210163573956, 210163593354, 210163611838, 210163636088, 210163653148, 210163687290, 210163701354]
