CPU_UTIL:[5.3, 0.0, 0.0, 0.0, 0.0, 0.0, 0.0, 0.0, 0.0, 0.0]
CPU_USER:[0.0, 0.0, 0.0, 0.0, 1.0, 0.0, 1.0, 1.0, 1.0, 0.0]
CPU_SYSTEM:[0.0, 0.0, 0.0, 0.0, 0.0, 0.0, 0.0, 0.0, 0.0, 0.0]
CPU_IDLE:[0.0, 0.0, 1.0, 1.0, 0.0, 1.0, 0.0, 0.0, 1.0, 1.0]
time_stamp:[11179586.759905051, 11179586.824744051, 11179586.905615028, 11179586.98561024, 11179587.064704284, 11179587.144507708, 11179587.225739384, 11179587.30490627, 11179587.393768353, 11179587.465586819]
MEMORY:[2.2, 2.2, 2.2, 2.2, 2.2, 2.2, 2.2, 2.2, 2.2, 2.2]
TIMES:[0.01480252668261528, 0.007841700688004494, 0.008496444672346115, 0.008398503065109253, 0.00718618743121624, 0.007289014756679535, 0.006937580183148384, 0.007167791947722435, 0.008500739932060242, 0.008126433938741684]
read_count:[1000294, 15560373, 139161976320, 2296923062784, 6273264, 524284264, 1000294, 15560374, 139161976320, 2296923066880, 6273264, 524284264, 1000294, 15560376, 139161976320, 2296923075072, 6273264, 524284264, 1000294, 15560378, 139161976320, 2296923083264, 6273264, 524284264, 1000294, 15560380, 139161976320, 2296923091456, 6273264, 524284264, 1000294, 15560382, 139161976320, 2296923099648, 6273264, 524284264, 1000294, 15560384, 139161976320, 2296923107840, 6273264, 524284264, 1000294, 15560386, 139161976320, 2296923116032, 6273264, 524284264, 1000294, 15560388, 139161976320, 2296923124224, 6273264, 524284264, 1000294, 15560390, 139161976320, 2296923132416, 6273264, 524284264]
write_counter:[]
read_bytes:[]
write_bytes:[]
read_time:[]
write_time:[]
bytes_recv:[210136972656, 210136974288, 210136982824, 210136989784, 210136995472, 210137001160, 210137006848, 210137012536, 210137018224, 210137023834]
packets_recv:[2515482501, 2515482505, 2515482514, 2515482523, 2515482530, 2515482537, 2515482544, 2515482551, 2515482558, 2515482564]
