CPU_UTIL:[0.0, 0.0, 0.0, 7.7, 0.0, 0.0, 0.0, 0.0, 0.0, 0.0]
CPU_USER:[0.0, 1.0, 0.0, 1.0, 0.0, 1.0, 0.0, 0.0, 1.0, 1.0]
CPU_SYSTEM:[0.0, 0.0, 0.0, 0.0, 0.0, 0.0, 0.0, 0.0, 0.0, 0.0]
CPU_IDLE:[0.0, 0.0, 0.0, 0.0, 1.0, 1.0, 1.0, 0.0, 0.0, 1.0]
time_stamp:[11161130.16471432, 11161130.186724596, 11161130.20654306, 11161130.224437, 11161130.237388397, 11161130.257342953, 11161130.27883539, 11161130.302312165, 11161130.316479346, 11161130.33786104]
MEMORY:[2.2, 2.2, 2.2, 2.2, 2.2, 2.2, 2.2, 2.2, 2.2, 2.2]
TIMES:[0.0031595267355442047, 0.0017212126404047012, 0.00047895871102809906, 0.009558029472827911, 0.0017971713095903397, 0.0034608766436576843, 0.0073076654225587845, 0.005083857104182243, 0.0011253803968429565, 0.0026340745389461517]
read_count:[999862, 15553269, 139153677824, 2296836096512, 6268932, 524265480, 999862, 15553269, 139153677824, 2296836096512, 6268932, 524265480, 999862, 15553270, 139153677824, 2296836100608, 6268932, 524265480, 999862, 15553271, 139153677824, 2296836104704, 6268932, 524265480, 999862, 15553272, 139153677824, 2296836108800, 6268932, 524265480, 999862, 15553273, 139153677824, 2296836112896, 6268932, 524265484, 999862, 15553274, 139153677824, 2296836116992, 6268932, 524265488, 999862, 15553275, 139153677824, 2296836121088, 6268932, 524265488, 999862, 15553276, 139153677824, 2296836125184, 6268932, 524265488, 999862, 15553277, 139153677824, 2296836129280, 6268932, 524265488]
write_counter:[]
read_bytes:[]
write_bytes:[]
read_time:[]
write_time:[]
bytes_recv:[210074838994, 210074850016, 210074866204, 210074889458, 210074896932, 210074914671, 210074922028, 210074938880, 210074952036, 210074967372]
packets_recv:[2515356365, 2515356377, 2515356393, 2515356415, 2515356424, 2515356442, 2515356452, 2515356469, 2515356481, 2515356496]
