CPU_UTIL:[10.0, 0.0, 14.3, 14.3, 14.3, 0.0, 14.3, 0.0, 9.1, 0.0]
CPU_USER:[0.0, 0.0, 0.0, 1.0, 1.0, 0.0, 1.0, 0.0, 1.0, 0.0]
CPU_SYSTEM:[0.0, 0.0, 0.0, 0.0, 0.0, 0.0, 0.0, 0.0, 0.0, 0.0]
CPU_IDLE:[0.0, 1.0, 0.0, 0.0, 0.0, 0.0, 0.0, 0.0, 0.0, 0.0]
time_stamp:[11163734.22777272, 11163734.23889586, 11163734.256137012, 11163734.268596807, 11163734.281599648, 11163734.294567645, 11163734.308595069, 11163734.32190404, 11163734.34791784, 11163734.364909079]
MEMORY:[2.2, 2.2, 2.2, 2.2, 2.2, 2.2, 2.2, 2.2, 2.2, 2.2]
TIMES:[0.00849665142595768, 0.0037777554243803024, 0.004532851278781891, 0.004880823194980621, 0.004681987687945366, 0.0036465637385845184, 0.0047202445566654205, 0.004225248470902443, 0.008135860785841942, 0.00759228877723217]
read_count:[1000210, 15555744, 139159215616, 2296866763264, 6271784, 524268164, 1000210, 15555745, 139159215616, 2296866767360, 6271784, 524268164, 1000210, 15555747, 139159215616, 2296866775552, 6271784, 524268168, 1000210, 15555749, 139159215616, 2296866783744, 6271784, 524268168, 1000210, 15555751, 139159215616, 2296866791936, 6271784, 524268168, 1000210, 15555753, 139159215616, 2296866800128, 6271784, 524268168, 1000210, 15555755, 139159215616, 2296866808320, 6271784, 524268168, 1000210, 15555757, 139159215616, 2296866816512, 6271784, 524268168, 1000210, 15555759, 139159215616, 2296866824704, 6271784, 524268168, 1000210, 15555761, 139159215616, 2296866832896, 6271784, 524268168]
write_counter:[]
read_bytes:[]
write_bytes:[]
read_time:[]
write_time:[]
bytes_recv:[210096187053, 210096198744, 210096216168, 210096233558, 210096248101, 210096262719, 210096275839, 210096286083, 210096302088, 210096315198]
packets_recv:[2515390406, 2515390417, 2515390432, 2515390447, 2515390460, 2515390474, 2515390486, 2515390496, 2515390510, 2515390522]
