CPU_UTIL:[0.0, 0.0, 0.0, 4.8, 0.0, 21.4, 0.0, 9.1, 3.3, 0.0]
CPU_USER:[0.0, 0.0, 0.0, 1.0, 0.0, 1.0, 0.0, 0.0, 0.0, 0.0]
CPU_SYSTEM:[0.0, 0.0, 0.0, 0.0, 0.0, 0.0, 0.0, 0.0, 0.0, 0.0]
CPU_IDLE:[1.0, 0.0, 1.0, 1.0, 0.0, 1.0, 0.0, 0.0, 1.0, 0.0]
time_stamp:[11179410.646086108, 11179410.808107091, 11179410.906163847, 11179411.000300927, 11179411.08103394, 11179411.180870324, 11179411.266365524, 11179411.368105792, 11179411.468201764, 11179411.546256902]
MEMORY:[2.2, 2.2, 2.2, 2.2, 2.2, 2.2, 2.2, 2.2, 2.2, 2.2]
TIMES:[0.029314624145627022, 0.011049237102270126, 0.021434728056192398, 0.01645294763147831, 0.0020757559686899185, 0.009244341403245926, 0.002093164250254631, 0.008146725594997406, 0.02441480942070484, 0.002047434449195862]
read_count:[1000294, 15560208, 139161976320, 2296922112512, 6273264, 524283880, 1000294, 15560208, 139161976320, 2296922112512, 6273264, 524283880, 1000294, 15560209, 139161976320, 2296922116608, 6273264, 524283880, 1000294, 15560210, 139161976320, 2296922120704, 6273264, 524283880, 1000294, 15560211, 139161976320, 2296922124800, 6273264, 524283880, 1000294, 15560212, 139161976320, 2296922128896, 6273264, 524283880, 1000294, 15560213, 139161976320, 2296922132992, 6273264, 524283880, 1000294, 15560214, 139161976320, 2296922137088, 6273264, 524283880, 1000294, 15560215, 139161976320, 2296922141184, 6273264, 524283880, 1000294, 15560216, 139161976320, 2296922145280, 6273264, 524283880]
write_counter:[]
read_bytes:[]
write_bytes:[]
read_time:[]
write_time:[]
bytes_recv:[210135861976, 210135878238, 210135897068, 210135905720, 210135920068, 210135943030, 210135954530, 210135971796, 210135988536, 210135998858]
packets_recv:[2515480278, 2515480303, 2515480326, 2515480339, 2515480356, 2515480381, 2515480396, 2515480416, 2515480433, 2515480445]
