CPU_UTIL:[0.0, 0.0, 0.0, 0.0, 0.0, 0.0, 11.1, 0.0, 0.0, 0.0]
CPU_USER:[0.0, 0.0, 0.0, 1.9, 0.0, 1.0, 1.0, 0.0, 1.0, 1.0]
CPU_SYSTEM:[0.0, 0.0, 0.0, 0.0, 0.0, 0.0, 0.0, 0.0, 0.0, 0.0]
CPU_IDLE:[1.0, 1.0, 0.0, 0.0, 1.0, 1.0, 0.0, 1.0, 1.0, 1.0]
message_length:[[515, 515, 515, 515, 515, 515, 515, 515, 515, 515], [515, 515, 515, 515, 515, 515, 515, 515, 515, 515], [515, 515, 515, 515, 515, 515, 515, 515, 515, 515], [515, 515, 515, 515, 515, 515, 515, 515, 515, 515], [515, 515, 515, 515, 515, 515, 515, 515, 515, 515], [515, 515, 515, 515, 515, 515, 515, 515, 515, 515], [515, 515, 515, 515, 515, 515, 515, 515, 515, 515], [515, 515, 515, 515, 515, 515, 515, 515, 515, 515], [515, 515, 515, 515, 515, 515, 515, 515, 515, 515], [515, 515, 515, 515, 515, 515, 515, 515, 515, 515]]
time_stamp:[11181775.181166066, 11181775.245822888, 11181775.324927656, 11181775.413747756, 11181775.5009589, 11181775.56525586, 11181775.644647023, 11181775.724714171, 11181775.804796992, 11181775.893572433]
MEMORY:[2.2, 2.2, 2.2, 2.2, 2.2, 2.2, 2.2, 2.2, 2.2, 2.2]
TIMES:[0.02387279085814953, 0.008745258674025536, 0.007563093677163124, 0.0013604424893856049, 0.02359117940068245, 0.0077110156416893005, 0.006653504446148872, 0.007522009313106537, 0.007466867566108704, 0.0010638479143381119]
read_count:[1004316, 15565120, 139185694208, 2297098113536, 6280104, 524345180, 1004316, 15565120, 139185694208, 2297098113536, 6280104, 524345180, 1004316, 15565121, 139185694208, 2297098117632, 6280104, 524345180, 1004316, 15565122, 139185694208, 2297098121728, 6280104, 524345180, 1004316, 15565123, 139185694208, 2297098125824, 6280104, 524345180, 1004316, 15565124, 139185694208, 2297098129920, 6280104, 524345180, 1004316, 15565125, 139185694208, 2297098134016, 6280104, 524345180, 1004316, 15565126, 139185694208, 2297098138112, 6280104, 524345180, 1004316, 15565127, 139185694208, 2297098142208, 6280104, 524345180, 1004316, 15565128, 139185694208, 2297098146304, 6280104, 524345180]
write_counter:[]
read_bytes:[]
write_bytes:[]
read_time:[]
write_time:[]
bytes_recv:[210161729102, 210161734860, 210161740618, 210161748764, 210161754522, 210161760497, 210161766319, 210161772723, 210161778545, 210161784395]
