CPU_UTIL:[0.0, 0.0, 4.5, 0.0, 0.0, 0.0, 0.0, 8.3, 0.0, 0.0]
CPU_USER:[0.0, 0.0, 0.0, 0.0, 1.0, 0.0, 0.8, 0.9, 1.0, 0.0]
CPU_SYSTEM:[0.0, 0.0, 0.0, 0.0, 0.0, 0.0, 1.0, 0.0, 0.0, 0.0]
CPU_IDLE:[1.0, 0.0, 1.0, 0.0, 1.0, 0.0, 1.0, 0.0, 0.0, 0.0]
time_stamp:[11179612.177316498, 11179612.245253198, 11179612.342050726, 11179612.440617746, 11179612.52574364, 11179612.613792831, 11179612.715262534, 11179612.809210224, 11179612.885026477, 11179612.97378757]
MEMORY:[2.2, 2.2, 2.2, 2.2, 2.2, 2.2, 2.2, 2.2, 2.2, 2.2]
TIMES:[0.01908443681895733, 0.0012050271034240723, 0.017852339893579483, 0.016783053055405617, 0.0014146529138088226, 0.0013678427785634995, 0.003003520891070366, 0.008868586272001266, 0.007658094167709351, 0.0013688933104276657]
read_count:[1000294, 15560414, 139161976320, 2296923304448, 6273264, 524284348, 1000294, 15560414, 139161976320, 2296923304448, 6273264, 524284348, 1000294, 15560415, 139161976320, 2296923308544, 6273264, 524284352, 1000294, 15560416, 139161976320, 2296923312640, 6273264, 524284352, 1000294, 15560417, 139161976320, 2296923316736, 6273264, 524284352, 1000294, 15560418, 139161976320, 2296923320832, 6273264, 524284352, 1000294, 15560419, 139161976320, 2296923324928, 6273264, 524284352, 1000294, 15560420, 139161976320, 2296923329024, 6273264, 524284352, 1000294, 15560421, 139161976320, 2296923333120, 6273264, 524284352, 1000294, 15560422, 139161976320, 2296923337216, 6273264, 524284352]
write_counter:[]
read_bytes:[]
write_bytes:[]
read_time:[]
write_time:[]
bytes_recv:[210137181357, 210137192893, 210137208425, 210137223817, 210137244349, 210137254601, 210137267145, 210137282051, 210137298895, 210137314281]
packets_recv:[2515482827, 2515482837, 2515482855, 2515482871, 2515482892, 2515482903, 2515482918, 2515482936, 2515482954, 2515482968]
