CPU_UTIL:[3.4, 0.0, 5.0, 3.7, 0.0, 0.0, 0.0, 0.0, 5.9, 0.0]
CPU_USER:[0.0, 0.0, 1.4, 0.8, 0.8, 0.8, 0.8, 0.8, 0.7, 0.0]
CPU_SYSTEM:[0.0, 0.0, 0.0, 0.0, 0.0, 0.0, 0.0, 0.0, 1.0, 0.0]
CPU_IDLE:[0.0, 0.0, 1.0, 1.0, 1.0, 0.0, 1.0, 1.0, 0.0, 1.0]
time_stamp:[11179772.652669547, 11179772.799016265, 11179772.91325106, 11179773.019508803, 11179773.126395652, 11179773.226306217, 11179773.327662079, 11179773.431460151, 11179773.559225932, 11179773.659714011]
MEMORY:[2.2, 2.2, 2.2, 2.2, 2.2, 2.2, 2.2, 2.2, 2.2, 2.2]
TIMES:[0.0487815011292696, 0.014123475179076195, 0.01625421829521656, 0.022206583991646767, 0.028877776116132736, 0.029053904116153717, 0.030312838032841682, 0.014122428372502327, 0.013839950785040855, 0.013613410294055939]
read_count:[1000296, 15560530, 139161984512, 2296925741568, 6273308, 524284880, 1000296, 15560531, 139161984512, 2296925745664, 6273308, 524284880, 1000296, 15560533, 139161984512, 2296925753856, 6273308, 524284880, 1000296, 15560535, 139161984512, 2296925762048, 6273308, 524284880, 1000296, 15560537, 139161984512, 2296925770240, 6273308, 524284880, 1000296, 15560539, 139161984512, 2296925778432, 6273308, 524284880, 1000296, 15560541, 139161984512, 2296925786624, 6273308, 524284880, 1000296, 15560543, 139161984512, 2296925794816, 6273308, 524284880, 1000296, 15560545, 139161984512, 2296925803008, 6273308, 524284880, 1000296, 15560547, 139161984512, 2296925811200, 6273308, 524284880]
write_counter:[]
read_bytes:[]
write_bytes:[]
read_time:[]
write_time:[]
bytes_recv:[210138341601, 210138355943, 210138371709, 210138386051, 210138397545, 210138416117, 210138429035, 210138439147, 210138454871, 210138466407]
packets_recv:[2515484516, 2515484529, 2515484543, 2515484557, 2515484567, 2515484584, 2515484596, 2515484605, 2515484620, 2515484630]
