CPU_UTIL:[1.1, 2.6, 0.0, 0.0, 8.1, 0.0, 1.5, 0.0, 0.0, 0.0]
CPU_USER:[0.0, 0.7, 0.0, 0.0, 1.0, 0.9, 0.0, 0.9, 0.0, 1.0]
CPU_SYSTEM:[0.0, 0.0, 0.0, 0.0, 0.0, 0.0, 0.0, 0.0, 0.0, 0.0]
CPU_IDLE:[1.0, 1.0, 0.0, 0.0, 1.0, 0.0, 1.0, 1.0, 1.0, 0.0]
message_length:[[3207, 3207, 3207, 3207, 3207, 3207, 3207, 3207, 3207, 3207], [3207, 3207, 3207, 3207, 3207, 3207, 3207, 3207, 3207, 3207], [3207, 3207, 3207, 3207, 3207, 3207, 3207, 3207, 3207, 3207], [3207, 3207, 3207, 3207, 3207, 3207, 3207, 3207, 3207, 3207], [3207, 3207, 3207, 3207, 3207, 3207, 3207, 3207, 3207, 3207], [3207, 3207, 3207, 3207, 3207, 3207, 3207, 3207, 3207, 3207], [3207, 3207, 3207, 3207, 3207, 3207, 3207, 3207, 3207, 3207], [3207, 3207, 3207, 3207, 3207, 3207, 3207, 3207, 3207, 3207], [3207, 3207, 3207, 3207, 3207, 3207, 3207, 3207, 3207, 3207], [3207, 3207, 3207, 3207, 3207, 3207, 3207, 3207, 3207, 3207]]
time_stamp:[11182049.812249668, 11182049.928200316, 11182050.01889538, 11182050.093685636, 11182050.17634336, 11182050.267442044, 11182050.358409986, 11182050.449350026, 11182050.540349169, 11182050.614873199]
MEMORY:[2.2, 2.2, 2.2, 2.2, 2.2, 2.2, 2.2, 2.2, 2.2, 2.2]
TIMES:[0.07471725717186928, 0.030968626961112022, 0.029493900015950203, 0.03624259680509567, 0.028075821697711945, 0.042659591883420944, 0.05304950848221779, 0.043671198189258575, 0.02988419495522976, 0.03744622319936752]
read_count:[1004316, 15565414, 139185694208, 2297100337664, 6280104, 524346656, 1004316, 15565417, 139185694208, 2297100382720, 6280104, 524346680, 1004316, 15565421, 139185694208, 2297100419584, 6280104, 524346708, 1004316, 15565425, 139185694208, 2297100456448, 6280104, 524346736, 1004316, 15565429, 139185694208, 2297100493312, 6280104, 524346764, 1004316, 15565433, 139185694208, 2297100530176, 6280104, 524346796, 1004316, 15565437, 139185694208, 2297100567040, 6280104, 524346824, 1004316, 15565441, 139185694208, 2297100603904, 6280104, 524346852, 1004316, 15565445, 139185694208, 2297100640768, 6280104, 524346884, 1004316, 15565449, 139185694208, 2297100677632, 6280104, 524346912]
write_counter:[]
read_bytes:[]
write_bytes:[]
read_time:[]
write_time:[]
bytes_recv:[210163740826, 210163780849, 210163814857, 210163829984, 210163863992, 210163881002, 210163897986, 210163920602, 210163954610, 210163968604]
